0.000000e+00 8.000000e+03 0.000000e+00 0.000000e+00
1.000000e+00 7.988792e+03 4.233234e+02 0.000000e+00
2.000000e+00 7.955199e+03 8.454606e+02 0.000000e+00
3.000000e+00 7.899316e+03 1.265229e+03 0.000000e+00
4.000000e+00 7.821299e+03 1.681452e+03 0.000000e+00
5.000000e+00 7.721367e+03 2.092964e+03 0.000000e+00
6.000000e+00 7.599799e+03 2.498611e+03 0.000000e+00
7.000000e+00 7.456937e+03 2.897257e+03 0.000000e+00
8.000000e+00 7.293180e+03 3.287785e+03 0.000000e+00
9.000000e+00 7.108988e+03 3.669100e+03 0.000000e+00
1.000000e+01 6.904876e+03 4.040135e+03 0.000000e+00
1.100000e+01 6.681417e+03 4.399849e+03 0.000000e+00
1.200000e+01 6.439236e+03 4.747235e+03 0.000000e+00
1.300000e+01 6.179013e+03 5.081319e+03 0.000000e+00
1.400000e+01 5.901476e+03 5.401165e+03 0.000000e+00
1.500000e+01 5.607403e+03 5.705877e+03 0.000000e+00
1.600000e+01 5.297618e+03 5.994601e+03 0.000000e+00
1.700000e+01 4.972989e+03 6.266528e+03 0.000000e+00
1.800000e+01 4.634426e+03 6.520897e+03 0.000000e+00
1.900000e+01 4.282877e+03 6.756994e+03 0.000000e+00
2.000000e+01 3.919328e+03 6.974157e+03 0.000000e+00
2.100000e+01 3.544796e+03 7.171779e+03 0.000000e+00
2.200000e+01 3.160332e+03 7.349306e+03 0.000000e+00
2.300000e+01 2.767013e+03 7.506240e+03 0.000000e+00
2.400000e+01 2.365941e+03 7.642141e+03 0.000000e+00
2.500000e+01 1.958239e+03 7.756629e+03 0.000000e+00
2.600000e+01 1.545050e+03 7.849383e+03 0.000000e+00
2.700000e+01 1.127532e+03 7.920143e+03 0.000000e+00
2.800000e+01 7.068544e+02 7.968711e+03 0.000000e+00
2.900000e+01 2.841964e+02 7.994950e+03 0.000000e+00
3.000000e+01 -1.392580e+02 7.998788e+03 0.000000e+00
3.100000e+01 -5.623221e+02 7.980213e+03 0.000000e+00
3.200000e+01 -9.838106e+02 7.939277e+03 0.000000e+00
3.300000e+01 -1.402542e+03 7.876095e+03 0.000000e+00
3.400000e+01 -1.817344e+03 7.790845e+03 0.000000e+00
3.500000e+01 -2.227054e+03 7.683764e+03 0.000000e+00
3.600000e+01 -2.630524e+03 7.555154e+03 0.000000e+00
3.700000e+01 -3.026622e+03 7.405373e+03 0.000000e+00
3.800000e+01 -3.414241e+03 7.234844e+03 0.000000e+00
3.900000e+01 -3.792292e+03 7.044042e+03 0.000000e+00
4.000000e+01 -4.159717e+03 6.833502e+03 0.000000e+00
4.100000e+01 -4.515487e+03 6.603815e+03 0.000000e+00
4.200000e+01 -4.858605e+03 6.355624e+03 0.000000e+00
4.300000e+01 -5.188108e+03 6.089625e+03 0.000000e+00
4.400000e+01 -5.503075e+03 5.806562e+03 0.000000e+00
4.500000e+01 -5.802622e+03 5.507230e+03 0.000000e+00
4.600000e+01 -6.085910e+03 5.192466e+03 0.000000e+00
4.700000e+01 -6.352145e+03 4.863153e+03 0.000000e+00
4.800000e+01 -6.600581e+03 4.520213e+03 0.000000e+00
4.900000e+01 -6.830523e+03 4.164608e+03 0.000000e+00
5.000000e+01 -7.041325e+03 3.797333e+03 0.000000e+00
5.100000e+01 -7.232398e+03 3.419418e+03 0.000000e+00
5.200000e+01 -7.403205e+03 3.031922e+03 0.000000e+00
5.300000e+01 -7.553269e+03 2.635931e+03 0.000000e+00
5.400000e+01 -7.682168e+03 2.232553e+03 0.000000e+00
5.500000e+01 -7.789542e+03 1.822920e+03 0.000000e+00
5.600000e+01 -7.875089e+03 1.408180e+03 0.000000e+00
5.700000e+01 -7.938571e+03 9.894931e+02 0.000000e+00
5.800000e+01 -7.979808e+03 5.680340e+02 0.000000e+00
5.900000e+01 -7.998686e+03 1.449832e+02 0.000000e+00
6.000000e+01 -7.995152e+03 -2.784737e+02 0.000000e+00
6.100000e+01 -7.969215e+03 -7.011504e+02 0.000000e+00
6.200000e+01 -7.920948e+03 -1.121863e+03 0.000000e+00
6.300000e+01 -7.850487e+03 -1.539431e+03 0.000000e+00
6.400000e+01 -7.758029e+03 -1.952686e+03 0.000000e+00
6.500000e+01 -7.643833e+03 -2.360470e+03 0.000000e+00
6.600000e+01 -7.508219e+03 -2.761640e+03 0.000000e+00
6.700000e+01 -7.351566e+03 -3.155071e+03 0.000000e+00
6.800000e+01 -7.174315e+03 -3.539662e+03 0.000000e+00
6.900000e+01 -6.976961e+03 -3.914335e+03 0.000000e+00
7.000000e+01 -6.760057e+03 -4.278040e+03 0.000000e+00
7.100000e+01 -6.524212e+03 -4.629757e+03 0.000000e+00
7.200000e+01 -6.270086e+03 -4.968503e+03 0.000000e+00
7.300000e+01 -5.998391e+03 -5.293326e+03 0.000000e+00
7.400000e+01 -5.709889e+03 -5.603317e+03 0.000000e+00
7.500000e+01 -5.405388e+03 -5.897608e+03 0.000000e+00
7.600000e+01 -5.085740e+03 -6.175374e+03 0.000000e+00
7.700000e+01 -4.751843e+03 -6.435837e+03 0.000000e+00
7.800000e+01 -4.404630e+03 -6.678266e+03 0.000000e+00
7.900000e+01 -4.045076e+03 -6.901982e+03 0.000000e+00
8.000000e+01 -3.674188e+03 -7.106360e+03 0.000000e+00
8.100000e+01 -3.293004e+03 -7.290825e+03 0.000000e+00
8.200000e+01 -2.902593e+03 -7.454861e+03 0.000000e+00
8.300000e+01 -2.504050e+03 -7.598009e+03 0.000000e+00
8.400000e+01 -2.098490e+03 -7.719867e+03 0.000000e+00
8.500000e+01 -1.687050e+03 -7.820094e+03 0.000000e+00
8.600000e+01 -1.270883e+03 -7.898409e+03 0.000000e+00
8.700000e+01 -8.511545e+02 -7.954592e+03 0.000000e+00
8.800000e+01 -4.290414e+02 -7.988487e+03 0.000000e+00
8.900000e+01 -5.726185e+00 -7.999998e+03 0.000000e+00
9.000000e+01 4.176051e+02 -7.989093e+03 0.000000e+00
9.100000e+01 8.397663e+02 -7.955802e+03 0.000000e+00
9.200000e+01 1.259574e+03 -7.900220e+03 0.000000e+00
9.300000e+01 1.675853e+03 -7.822501e+03 0.000000e+00
9.400000e+01 2.087436e+03 -7.722863e+03 0.000000e+00
9.500000e+01 2.493170e+03 -7.601585e+03 0.000000e+00
9.600000e+01 2.891918e+03 -7.459008e+03 0.000000e+00
9.700000e+01 3.282564e+03 -7.295531e+03 0.000000e+00
9.800000e+01 3.664011e+03 -7.111612e+03 0.000000e+00
9.900000e+01 4.035191e+03 -6.907766e+03 0.000000e+00
1.000000e+02 4.395065e+03 -6.684564e+03 0.000000e+00
1.010000e+02 4.742625e+03 -6.442632e+03 0.000000e+00
1.020000e+02 5.076895e+03 -6.182648e+03 0.000000e+00
1.030000e+02 5.396939e+03 -5.905340e+03 0.000000e+00
1.040000e+02 5.701862e+03 -5.611486e+03 0.000000e+00
1.050000e+02 5.990808e+03 -5.301908e+03 0.000000e+00
1.060000e+02 6.262967e+03 -4.977473e+03 0.000000e+00
1.070000e+02 6.517578e+03 -4.639092e+03 0.000000e+00
1.080000e+02 6.753926e+03 -4.287713e+03 0.000000e+00
1.090000e+02 6.971350e+03 -3.924319e+03 0.000000e+00
1.100000e+02 7.169240e+03 -3.549929e+03 0.000000e+00
1.110000e+02 7.347042e+03 -3.165592e+03 0.000000e+00
1.120000e+02 7.504258e+03 -2.772385e+03 0.000000e+00
1.130000e+02 7.640446e+03 -2.371410e+03 0.000000e+00
1.140000e+02 7.755226e+03 -1.963790e+03 0.000000e+00
1.150000e+02 7.848276e+03 -1.550668e+03 0.000000e+00
1.160000e+02 7.919334e+03 -1.133201e+03 0.000000e+00
1.170000e+02 7.968203e+03 -7.125580e+02 0.000000e+00
1.180000e+02 7.994745e+03 -2.899189e+02 0.000000e+00
1.190000e+02 7.998885e+03 1.335326e+02 0.000000e+00
1.200000e+02 7.980613e+03 5.566099e+02 0.000000e+00
1.210000e+02 7.939979e+03 9.781276e+02 0.000000e+00
1.220000e+02 7.877097e+03 1.396905e+03 0.000000e+00
1.230000e+02 7.792143e+03 1.811767e+03 0.000000e+00
1.240000e+02 7.685356e+03 2.221554e+03 0.000000e+00
1.250000e+02 7.557034e+03 2.625115e+03 0.000000e+00
1.260000e+02 7.407538e+03 3.021321e+03 0.000000e+00
1.270000e+02 7.237286e+03 3.409061e+03 0.000000e+00
1.280000e+02 7.046754e+03 3.787249e+03 0.000000e+00
1.290000e+02 6.836478e+03 4.154825e+03 0.000000e+00
1.300000e+02 6.607045e+03 4.510759e+03 0.000000e+00
1.310000e+02 6.359100e+03 4.854054e+03 0.000000e+00
1.320000e+02 6.093337e+03 5.183748e+03 0.000000e+00
1.330000e+02 5.810500e+03 5.498917e+03 0.000000e+00
1.340000e+02 5.511382e+03 5.798678e+03 0.000000e+00
1.350000e+02 5.196821e+03 6.082192e+03 0.000000e+00
1.360000e+02 4.867698e+03 6.348662e+03 0.000000e+00
1.370000e+02 4.524936e+03 6.597344e+03 0.000000e+00
1.380000e+02 4.169496e+03 6.827540e+03 0.000000e+00
1.390000e+02 3.802372e+03 7.038605e+03 0.000000e+00
1.400000e+02 3.424594e+03 7.229948e+03 0.000000e+00
1.410000e+02 3.037220e+03 7.401033e+03 0.000000e+00
1.420000e+02 2.641337e+03 7.551380e+03 0.000000e+00
1.430000e+02 2.238052e+03 7.680568e+03 0.000000e+00
1.440000e+02 1.828496e+03 7.788235e+03 0.000000e+00
1.450000e+02 1.413816e+03 7.874079e+03 0.000000e+00
1.460000e+02 9.951751e+02 7.937860e+03 0.000000e+00
1.470000e+02 5.737456e+02 7.979399e+03 0.000000e+00
1.480000e+02 1.507085e+02 7.998580e+03 0.000000e+00
1.490000e+02 -2.727509e+02 7.995349e+03 0.000000e+00
1.500000e+02 -6.954461e+02 7.969715e+03 0.000000e+00
1.510000e+02 -1.116193e+03 7.921749e+03 0.000000e+00
1.520000e+02 -1.533812e+03 7.851587e+03 0.000000e+00
1.530000e+02 -1.947133e+03 7.759425e+03 0.000000e+00
1.540000e+02 -2.354998e+03 7.645521e+03 0.000000e+00
1.550000e+02 -2.756265e+03 7.510193e+03 0.000000e+00
1.560000e+02 -3.149808e+03 7.353823e+03 0.000000e+00
1.570000e+02 -3.534526e+03 7.176847e+03 0.000000e+00
1.580000e+02 -3.909340e+03 6.979761e+03 0.000000e+00
1.590000e+02 -4.273200e+03 6.763118e+03 0.000000e+00
1.600000e+02 -4.625086e+03 6.527524e+03 0.000000e+00
1.610000e+02 -4.964013e+03 6.273641e+03 0.000000e+00
1.620000e+02 -5.289031e+03 6.002179e+03 0.000000e+00
1.630000e+02 -5.599229e+03 5.713898e+03 0.000000e+00
1.640000e+02 -5.893738e+03 5.409608e+03 0.000000e+00
1.650000e+02 -6.171732e+03 5.090159e+03 0.000000e+00
1.660000e+02 -6.432434e+03 4.756448e+03 0.000000e+00
1.670000e+02 -6.675111e+03 4.409409e+03 0.000000e+00
1.680000e+02 -6.899085e+03 4.050015e+03 0.000000e+00
1.690000e+02 -7.103728e+03 3.679273e+03 0.000000e+00
1.700000e+02 -7.288466e+03 3.298222e+03 0.000000e+00
1.710000e+02 -7.452781e+03 2.907929e+03 0.000000e+00
1.720000e+02 -7.596214e+03 2.509488e+03 0.000000e+00
1.730000e+02 -7.718363e+03 2.104015e+03 0.000000e+00
1.740000e+02 -7.818884e+03 1.692647e+03 0.000000e+00
1.750000e+02 -7.897497e+03 1.276536e+03 0.000000e+00
1.760000e+02 -7.953981e+03 8.568480e+02 0.000000e+00
1.770000e+02 -7.988178e+03 4.347593e+02 0.000000e+00
1.780000e+02 -7.999992e+03 1.145237e+01 0.000000e+00
1.790000e+02 -7.989390e+03 -4.118866e+02 0.000000e+00
1.800000e+02 -7.956401e+03 -8.340715e+02 0.000000e+00
1.810000e+02 -7.901119e+03 -1.253919e+03 0.000000e+00
1.820000e+02 -7.823698e+03 -1.670254e+03 0.000000e+00
1.830000e+02 -7.724355e+03 -2.081908e+03 0.000000e+00
1.840000e+02 -7.603368e+03 -2.487729e+03 0.000000e+00
1.850000e+02 -7.461077e+03 -2.886579e+03 0.000000e+00
1.860000e+02 -7.297879e+03 -3.277341e+03 0.000000e+00
1.870000e+02 -7.114233e+03 -3.658920e+03 0.000000e+00
1.880000e+02 -6.910652e+03 -4.030246e+03 0.000000e+00
1.890000e+02 -6.687708e+03 -4.390280e+03 0.000000e+00
1.900000e+02 -6.446025e+03 -4.738012e+03 0.000000e+00
1.910000e+02 -6.186281e+03 -5.072468e+03 0.000000e+00
1.920000e+02 -5.909202e+03 -5.392711e+03 0.000000e+00
1.930000e+02 -5.615565e+03 -5.697844e+03 0.000000e+00
1.940000e+02 -5.306194e+03 -5.987011e+03 0.000000e+00
1.950000e+02 -4.981955e+03 -6.259403e+03 0.000000e+00
1.960000e+02 -4.643756e+03 -6.514256e+03 0.000000e+00
1.970000e+02 -4.292546e+03 -6.750856e+03 0.000000e+00
1.980000e+02 -3.929308e+03 -6.968539e+03 0.000000e+00
1.990000e+02 -3.555059e+03 -7.166697e+03 0.000000e+00
2.000000e+02 -3.170850e+03 -7.344774e+03 0.000000e+00
2.010000e+02 -2.777756e+03 -7.502271e+03 0.000000e+00
2.020000e+02 -2.376878e+03 -7.638747e+03 0.000000e+00
2.030000e+02 -1.969341e+03 -7.753818e+03 0.000000e+00
2.040000e+02 -1.556285e+03 -7.847164e+03 0.000000e+00
2.050000e+02 -1.138869e+03 -7.918521e+03 0.000000e+00
2.060000e+02 -7.182613e+02 -7.967691e+03 0.000000e+00
2.070000e+02 -2.956412e+02 -7.994535e+03 0.000000e+00
2.080000e+02 1.278072e+02 -7.998979e+03 0.000000e+00
2.090000e+02 5.508975e+02 -7.981009e+03 0.000000e+00
2.100000e+02 9.724442e+02 -7.940677e+03 0.000000e+00
2.110000e+02 1.391266e+03 -7.878095e+03 0.000000e+00
2.120000e+02 1.806190e+03 -7.793438e+03 0.000000e+00
2.130000e+02 2.216052e+03 -7.686944e+03 0.000000e+00
2.140000e+02 2.619705e+03 -7.558912e+03 0.000000e+00
2.150000e+02 3.016018e+03 -7.409699e+03 0.000000e+00
2.160000e+02 3.403880e+03 -7.239724e+03 0.000000e+00
2.170000e+02 3.782204e+03 -7.049463e+03 0.000000e+00
2.180000e+02 4.149931e+03 -6.839450e+03 0.000000e+00
2.190000e+02 4.506029e+03 -6.610272e+03 0.000000e+00
2.200000e+02 4.849501e+03 -6.362573e+03 0.000000e+00
2.210000e+02 5.179386e+03 -6.097046e+03 0.000000e+00
2.220000e+02 5.494757e+03 -5.814434e+03 0.000000e+00
2.230000e+02 5.794732e+03 -5.515531e+03 0.000000e+00
2.240000e+02 6.078470e+03 -5.201173e+03 0.000000e+00
2.250000e+02 6.345177e+03 -4.872241e+03 0.000000e+00
2.260000e+02 6.594104e+03 -4.529657e+03 0.000000e+00
2.270000e+02 6.824554e+03 -4.174382e+03 0.000000e+00
2.280000e+02 7.035882e+03 -3.807409e+03 0.000000e+00
2.290000e+02 7.227495e+03 -3.429768e+03 0.000000e+00
2.300000e+02 7.398857e+03 -3.042517e+03 0.000000e+00
2.310000e+02 7.549488e+03 -2.646741e+03 0.000000e+00
2.320000e+02 7.678964e+03 -2.243549e+03 0.000000e+00
2.330000e+02 7.786924e+03 -1.834070e+03 0.000000e+00
2.340000e+02 7.873065e+03 -1.419452e+03 0.000000e+00
2.350000e+02 7.937146e+03 -1.000857e+03 0.000000e+00
2.360000e+02 7.978987e+03 -5.794569e+02 0.000000e+00
2.370000e+02 7.998470e+03 -1.564336e+02 0.000000e+00
2.380000e+02 7.995542e+03 2.670280e+02 0.000000e+00
2.390000e+02 7.970211e+03 6.897414e+02 0.000000e+00
2.400000e+02 7.922546e+03 1.110522e+03 0.000000e+00
2.410000e+02 7.852683e+03 1.528191e+03 0.000000e+00
2.420000e+02 7.760817e+03 1.941578e+03 0.000000e+00
2.430000e+02 7.647204e+03 2.349525e+03 0.000000e+00
2.440000e+02 7.512164e+03 2.750888e+03 0.000000e+00
2.450000e+02 7.356075e+03 3.144544e+03 0.000000e+00
2.460000e+02 7.179375e+03 3.529388e+03 0.000000e+00
2.470000e+02 6.982557e+03 3.904343e+03 0.000000e+00
2.480000e+02 6.766175e+03 4.268358e+03 0.000000e+00
2.490000e+02 6.530833e+03 4.620413e+03 0.000000e+00
2.500000e+02 6.277193e+03 4.959522e+03 0.000000e+00
2.510000e+02 6.005963e+03 5.284734e+03 0.000000e+00
2.520000e+02 5.717905e+03 5.595138e+03 0.000000e+00
2.530000e+02 5.413825e+03 5.889864e+03 0.000000e+00
2.540000e+02 5.094575e+03 6.168087e+03 0.000000e+00
2.550000e+02 4.761051e+03 6.429027e+03 0.000000e+00
2.560000e+02 4.414186e+03 6.671953e+03 0.000000e+00
2.570000e+02 4.054952e+03 6.896185e+03 0.000000e+00
2.580000e+02 3.684357e+03 7.101092e+03 0.000000e+00
2.590000e+02 3.303438e+03 7.286103e+03 0.000000e+00
2.600000e+02 2.913262e+03 7.450698e+03 0.000000e+00
2.610000e+02 2.514924e+03 7.594416e+03 0.000000e+00
2.620000e+02 2.109539e+03 7.716855e+03 0.000000e+00
2.630000e+02 1.698243e+03 7.817670e+03 0.000000e+00
2.640000e+02 1.282188e+03 7.896581e+03 0.000000e+00
2.650000e+02 8.625410e+02 7.953366e+03 0.000000e+00
2.660000e+02 4.404769e+02 7.987865e+03 0.000000e+00
2.670000e+02 1.717854e+01 7.999982e+03 0.000000e+00
2.680000e+02 -4.061679e+02 7.989683e+03 0.000000e+00
2.690000e+02 -8.283763e+02 7.956996e+03 0.000000e+00
2.700000e+02 -1.248264e+03 7.902015e+03 0.000000e+00
2.710000e+02 -1.664653e+03 7.824892e+03 0.000000e+00
2.720000e+02 -2.076379e+03 7.725843e+03 0.000000e+00
2.730000e+02 -2.482286e+03 7.605147e+03 0.000000e+00
2.740000e+02 -2.881238e+03 7.463141e+03 0.000000e+00
2.750000e+02 -3.272116e+03 7.300223e+03 0.000000e+00
2.760000e+02 -3.653826e+03 7.116850e+03 0.000000e+00
2.770000e+02 -4.025298e+03 6.913535e+03 0.000000e+00
2.780000e+02 -4.385492e+03 6.690849e+03 0.000000e+00
2.790000e+02 -4.733397e+03 6.449415e+03 0.000000e+00
2.800000e+02 -5.068039e+03 6.189910e+03 0.000000e+00
2.810000e+02 -5.388480e+03 5.913060e+03 0.000000e+00
2.820000e+02 -5.693823e+03 5.619642e+03 0.000000e+00
2.830000e+02 -5.983212e+03 5.310478e+03 0.000000e+00
2.840000e+02 -6.255835e+03 4.986434e+03 0.000000e+00
2.850000e+02 -6.510930e+03 4.648418e+03 0.000000e+00
2.860000e+02 -6.747781e+03 4.297377e+03 0.000000e+00
2.870000e+02 -6.965725e+03 3.934294e+03 0.000000e+00
2.880000e+02 -7.164151e+03 3.560188e+03 0.000000e+00
2.890000e+02 -7.342503e+03 3.176106e+03 0.000000e+00
2.900000e+02 -7.500281e+03 2.783125e+03 0.000000e+00
2.910000e+02 -7.637043e+03 2.382345e+03 0.000000e+00
2.920000e+02 -7.752407e+03 1.974890e+03 0.000000e+00
2.930000e+02 -7.846048e+03 1.561901e+03 0.000000e+00
2.940000e+02 -7.917704e+03 1.144536e+03 0.000000e+00
2.950000e+02 -7.967175e+03 7.239641e+02 0.000000e+00
2.960000e+02 -7.994322e+03 3.013634e+02 0.000000e+00
2.970000e+02 -7.999068e+03 -1.220817e+02 0.000000e+00
2.980000e+02 -7.981402e+03 -5.451848e+02 0.000000e+00
2.990000e+02 -7.941371e+03 -9.667602e+02 0.000000e+00
3.000000e+02 -7.879089e+03 -1.385627e+03 0.000000e+00
3.010000e+02 -7.794729e+03 -1.800611e+03 0.000000e+00
3.020000e+02 -7.688529e+03 -2.210550e+03 0.000000e+00
3.030000e+02 -7.560785e+03 -2.614294e+03 0.000000e+00
3.040000e+02 -7.411856e+03 -3.010714e+03 0.000000e+00
3.050000e+02 -7.242158e+03 -3.398697e+03 0.000000e+00
3.060000e+02 -7.052169e+03 -3.777158e+03 0.000000e+00
3.070000e+02 -6.842419e+03 -4.145034e+03 0.000000e+00
3.080000e+02 -6.613496e+03 -4.501296e+03 0.000000e+00
3.090000e+02 -6.366043e+03 -4.844946e+03 0.000000e+00
3.100000e+02 -6.100751e+03 -5.175020e+03 0.000000e+00
3.110000e+02 -5.818366e+03 -5.490594e+03 0.000000e+00
3.120000e+02 -5.519677e+03 -5.790783e+03 0.000000e+00
3.130000e+02 -5.205522e+03 -6.074746e+03 0.000000e+00
3.140000e+02 -4.876782e+03 -6.341688e+03 0.000000e+00
3.150000e+02 -4.534376e+03 -6.590860e+03 0.000000e+00
3.160000e+02 -4.179265e+03 -6.821564e+03 0.000000e+00
3.170000e+02 -3.812444e+03 -7.033155e+03 0.000000e+00
3.180000e+02 -3.434941e+03 -7.225039e+03 0.000000e+00
3.190000e+02 -3.047812e+03 -7.396678e+03 0.000000e+00
3.200000e+02 -2.652144e+03 -7.547591e+03 0.000000e+00
3.210000e+02 -2.249044e+03 -7.677356e+03 0.000000e+00
3.220000e+02 -1.839643e+03 -7.785609e+03 0.000000e+00
3.230000e+02 -1.425087e+03 -7.872047e+03 0.000000e+00
3.240000e+02 -1.006537e+03 -7.936428e+03 0.000000e+00
3.250000e+02 -5.851679e+02 -7.978570e+03 0.000000e+00
3.260000e+02 -1.621586e+02 -7.998356e+03 0.000000e+00
3.270000e+02 2.613050e+02 -7.995731e+03 0.000000e+00
3.280000e+02 6.840364e+02 -7.970702e+03 0.000000e+00
3.290000e+02 1.104851e+03 -7.923339e+03 0.000000e+00
3.300000e+02 1.522570e+03 -7.853775e+03 0.000000e+00
3.310000e+02 1.936023e+03 -7.762204e+03 0.000000e+00
3.320000e+02 2.344051e+03 -7.648884e+03 0.000000e+00
3.330000e+02 2.745511e+03 -7.514131e+03 0.000000e+00
3.340000e+02 3.139278e+03 -7.358324e+03 0.000000e+00
3.350000e+02 3.524248e+03 -7.181899e+03 0.000000e+00
3.360000e+02 3.899344e+03 -6.985350e+03 0.000000e+00
3.370000e+02 4.263514e+03 -6.769228e+03 0.000000e+00
3.380000e+02 4.615737e+03 -6.534139e+03 0.000000e+00
3.390000e+02 4.955027e+03 -6.280741e+03 0.000000e+00
3.400000e+02 5.280433e+03 -6.009744e+03 0.000000e+00
3.410000e+02 5.591044e+03 -5.721908e+03 0.000000e+00
3.420000e+02 5.885988e+03 -5.418039e+03 0.000000e+00
3.430000e+02 6.164439e+03 -5.098989e+03 0.000000e+00
3.440000e+02 6.425618e+03 -4.765651e+03 0.000000e+00
3.450000e+02 6.668792e+03 -4.418960e+03 0.000000e+00
3.460000e+02 6.893280e+03 -4.059887e+03 0.000000e+00
3.470000e+02 7.098453e+03 -3.689439e+03 0.000000e+00
3.480000e+02 7.283737e+03 -3.308652e+03 0.000000e+00
3.490000e+02 7.448611e+03 -2.918595e+03 0.000000e+00
3.500000e+02 7.592614e+03 -2.520359e+03 0.000000e+00
3.510000e+02 7.715343e+03 -2.115062e+03 0.000000e+00
3.520000e+02 7.816453e+03 -1.703838e+03 0.000000e+00
3.530000e+02 7.895661e+03 -1.287840e+03 0.000000e+00
3.540000e+02 7.952746e+03 -8.682336e+02 0.000000e+00
3.550000e+02 7.987547e+03 -4.461943e+02 0.000000e+00
3.560000e+02 7.999967e+03 -2.290471e+01 0.000000e+00
3.570000e+02 7.989971e+03 4.004490e+02 0.000000e+00
3.580000e+02 7.957587e+03 8.226807e+02 0.000000e+00
3.590000e+02 7.902906e+03 1.242607e+03 0.000000e+00
3.600000e+02 7.826081e+03 1.659052e+03 0.000000e+00
3.610000e+02 7.727327e+03 2.070848e+03 0.000000e+00
3.620000e+02 7.606922e+03 2.476842e+03 0.000000e+00
3.630000e+02 7.465201e+03 2.875895e+03 0.000000e+00
3.640000e+02 7.302563e+03 3.266890e+03 0.000000e+00
3.650000e+02 7.119463e+03 3.648731e+03 0.000000e+00
3.660000e+02 6.916415e+03 4.020349e+03 0.000000e+00
3.670000e+02 6.693986e+03 4.380701e+03 0.000000e+00
3.680000e+02 6.452802e+03 4.728779e+03 0.000000e+00
3.690000e+02 6.193536e+03 5.063607e+03 0.000000e+00
3.700000e+02 5.916916e+03 5.384246e+03 0.000000e+00
3.710000e+02 5.623716e+03 5.689799e+03 0.000000e+00
3.720000e+02 5.314759e+03 5.979409e+03 0.000000e+00
3.730000e+02 4.990911e+03 6.252265e+03 0.000000e+00
3.740000e+02 4.653077e+03 6.507601e+03 0.000000e+00
3.750000e+02 4.302206e+03 6.744704e+03 0.000000e+00
3.760000e+02 3.939279e+03 6.962907e+03 0.000000e+00
3.770000e+02 3.565315e+03 7.161601e+03 0.000000e+00
3.780000e+02 3.181361e+03 7.340228e+03 0.000000e+00
3.790000e+02 2.788493e+03 7.498287e+03 0.000000e+00
3.800000e+02 2.387811e+03 7.635336e+03 0.000000e+00
3.810000e+02 1.980439e+03 7.750991e+03 0.000000e+00
3.820000e+02 1.567517e+03 7.844928e+03 0.000000e+00
3.830000e+02 1.150203e+03 7.916883e+03 0.000000e+00
3.840000e+02 7.296666e+02 7.966655e+03 0.000000e+00
3.850000e+02 3.070855e+02 7.994104e+03 0.000000e+00
3.860000e+02 -1.163562e+02 7.999154e+03 0.000000e+00
3.870000e+02 -5.394717e+02 7.981790e+03 0.000000e+00
3.880000e+02 -9.610757e+02 7.942061e+03 0.000000e+00
3.890000e+02 -1.379987e+03 7.880078e+03 0.000000e+00
3.900000e+02 -1.795031e+03 7.796016e+03 0.000000e+00
3.910000e+02 -2.205046e+03 7.690109e+03 0.000000e+00
3.920000e+02 -2.608882e+03 7.562654e+03 0.000000e+00
3.930000e+02 -3.005408e+03 7.414009e+03 0.000000e+00
3.940000e+02 -3.393513e+03 7.244589e+03 0.000000e+00
3.950000e+02 -3.772109e+03 7.054870e+03 0.000000e+00
3.960000e+02 -4.140136e+03 6.845384e+03 0.000000e+00
3.970000e+02 -4.496562e+03 6.616716e+03 0.000000e+00
3.980000e+02 -4.840388e+03 6.369509e+03 0.000000e+00
3.990000e+02 -5.170652e+03 6.104454e+03 0.000000e+00
4.000000e+02 -5.486428e+03 5.822294e+03 0.000000e+00
4.010000e+02 -5.786830e+03 5.523821e+03 0.000000e+00
4.020000e+02 -6.071018e+03 5.209869e+03 0.000000e+00
4.030000e+02 -6.338195e+03 4.881320e+03 0.000000e+00
4.040000e+02 -6.587613e+03 4.539093e+03 0.000000e+00
4.050000e+02 -6.818571e+03 4.184147e+03 0.000000e+00
4.060000e+02 -7.030424e+03 3.817477e+03 0.000000e+00
4.070000e+02 -7.222578e+03 3.440111e+03 0.000000e+00
4.080000e+02 -7.394494e+03 3.053106e+03 0.000000e+00
4.090000e+02 -7.545691e+03 2.657546e+03 0.000000e+00
4.100000e+02 -7.675745e+03 2.254539e+03 0.000000e+00
4.110000e+02 -7.784291e+03 1.845215e+03 0.000000e+00
4.120000e+02 -7.871025e+03 1.430721e+03 0.000000e+00
4.130000e+02 -7.935705e+03 1.012218e+03 0.000000e+00
4.140000e+02 -7.978149e+03 5.908786e+02 0.000000e+00
4.150000e+02 -7.998238e+03 1.678836e+02 0.000000e+00
4.160000e+02 -7.995916e+03 -2.555818e+02 0.000000e+00
4.170000e+02 -7.971190e+03 -6.783310e+02 0.000000e+00
4.180000e+02 -7.924128e+03 -1.099180e+03 0.000000e+00
4.190000e+02 -7.854863e+03 -1.516948e+03 0.000000e+00
4.200000e+02 -7.763588e+03 -1.930466e+03 0.000000e+00
4.210000e+02 -7.650560e+03 -2.338575e+03 0.000000e+00
4.220000e+02 -7.516095e+03 -2.740132e+03 0.000000e+00
4.230000e+02 -7.360569e+03 -3.134010e+03 0.000000e+00
4.240000e+02 -7.184420e+03 -3.519107e+03 0.000000e+00
4.250000e+02 -6.988139e+03 -3.894343e+03 0.000000e+00
4.260000e+02 -6.772278e+03 -4.258667e+03 0.000000e+00
4.270000e+02 -6.537441e+03 -4.611059e+03 0.000000e+00
4.280000e+02 -6.284286e+03 -4.950530e+03 0.000000e+00
4.290000e+02 -6.013522e+03 -5.276130e+03 0.000000e+00
4.300000e+02 -5.725909e+03 -5.586947e+03 0.000000e+00
4.310000e+02 -5.422251e+03 -5.882108e+03 0.000000e+00
4.320000e+02 -5.103400e+03 -6.160788e+03 0.000000e+00
4.330000e+02 -4.770249e+03 -6.422205e+03 0.000000e+00
4.340000e+02 -4.423733e+03 -6.665627e+03 0.000000e+00
4.350000e+02 -4.064820e+03 -6.890373e+03 0.000000e+00
4.360000e+02 -3.694519e+03 -7.095811e+03 0.000000e+00
4.370000e+02 -3.313865e+03 -7.281367e+03 0.000000e+00
4.380000e+02 -2.923925e+03 -7.446520e+03 0.000000e+00
4.390000e+02 -2.525793e+03 -7.590808e+03 0.000000e+00
4.400000e+02 -2.120584e+03 -7.713827e+03 0.000000e+00
4.410000e+02 -1.709432e+03 -7.815231e+03 0.000000e+00
4.420000e+02 -1.293491e+03 -7.894738e+03 0.000000e+00
4.430000e+02 -8.739257e+02 -7.952123e+03 0.000000e+00
4.440000e+02 -4.519114e+02 -7.987226e+03 0.000000e+00
4.450000e+02 -2.863087e+01 -7.999949e+03 0.000000e+00
4.460000e+02 3.947299e+02 -7.990256e+03 0.000000e+00
4.470000e+02 8.169847e+02 -7.958174e+03 0.000000e+00
4.480000e+02 1.236950e+03 -7.903794e+03 0.000000e+00
4.490000e+02 1.653450e+03 -7.827267e+03 0.000000e+00
4.500000e+02 2.065316e+03 -7.728808e+03 0.000000e+00
4.510000e+02 2.471396e+03 -7.608692e+03 0.000000e+00
4.520000e+02 2.870551e+03 -7.467258e+03 0.000000e+00
4.530000e+02 3.261662e+03 -7.304900e+03 0.000000e+00
4.540000e+02 3.643635e+03 -7.122073e+03 0.000000e+00
4.550000e+02 4.015397e+03 -6.919291e+03 0.000000e+00
4.560000e+02 4.375909e+03 -6.697120e+03 0.000000e+00
4.570000e+02 4.724159e+03 -6.456185e+03 0.000000e+00
4.580000e+02 5.059172e+03 -6.197159e+03 0.000000e+00
4.590000e+02 5.380010e+03 -5.920768e+03 0.000000e+00
4.600000e+02 5.685772e+03 -5.627788e+03 0.000000e+00
4.610000e+02 5.975603e+03 -5.319038e+03 0.000000e+00
4.620000e+02 6.248691e+03 -4.995384e+03 0.000000e+00
4.630000e+02 6.504269e+03 -4.657734e+03 0.000000e+00
4.640000e+02 6.741623e+03 -4.307032e+03 0.000000e+00
4.650000e+02 6.960086e+03 -3.944262e+03 0.000000e+00
4.660000e+02 7.159047e+03 -3.570440e+03 0.000000e+00
4.670000e+02 7.337949e+03 -3.186614e+03 0.000000e+00
4.680000e+02 7.496289e+03 -2.793859e+03 0.000000e+00
4.690000e+02 7.633625e+03 -2.393276e+03 0.000000e+00
4.700000e+02 7.749572e+03 -1.985986e+03 0.000000e+00
4.710000e+02 7.843804e+03 -1.573132e+03 0.000000e+00
4.720000e+02 7.916057e+03 -1.155870e+03 0.000000e+00
4.730000e+02 7.966130e+03 -7.353688e+02 0.000000e+00
4.740000e+02 7.993882e+03 -3.128074e+02 0.000000e+00
4.750000e+02 7.999235e+03 1.106305e+02 0.000000e+00
4.760000e+02 7.982174e+03 5.337585e+02 0.000000e+00
4.770000e+02 7.942747e+03 9.553908e+02 0.000000e+00
4.780000e+02 7.881064e+03 1.374346e+03 0.000000e+00
4.790000e+02 7.797299e+03 1.789450e+03 0.000000e+00
4.800000e+02 7.691685e+03 2.199541e+03 0.000000e+00
4.810000e+02 7.564519e+03 2.603468e+03 0.000000e+00
4.820000e+02 7.416158e+03 3.000100e+03 0.000000e+00
4.830000e+02 7.247016e+03 3.388326e+03 0.000000e+00
4.840000e+02 7.057568e+03 3.767058e+03 0.000000e+00
4.850000e+02 6.848345e+03 4.135235e+03 0.000000e+00
4.860000e+02 6.619933e+03 4.491824e+03 0.000000e+00
4.870000e+02 6.372972e+03 4.835828e+03 0.000000e+00
4.880000e+02 6.108153e+03 5.166281e+03 0.000000e+00
4.890000e+02 5.826220e+03 5.482259e+03 0.000000e+00
4.900000e+02 5.527961e+03 5.782875e+03 0.000000e+00
4.910000e+02 5.214213e+03 6.067288e+03 0.000000e+00
4.920000e+02 4.885855e+03 6.334700e+03 0.000000e+00
4.930000e+02 4.543807e+03 6.584362e+03 0.000000e+00
4.940000e+02 4.189026e+03 6.815575e+03 0.000000e+00
4.950000e+02 3.822509e+03 7.027690e+03 0.000000e+00
4.960000e+02 3.445280e+03 7.220114e+03 0.000000e+00
4.970000e+02 3.058398e+03 7.392307e+03 0.000000e+00
4.980000e+02 2.662946e+03 7.543787e+03 0.000000e+00
4.990000e+02 2.260033e+03 7.674129e+03 0.000000e+00
5.000000e+02 1.850786e+03 7.782968e+03 0.000000e+00
5.010000e+02 1.436354e+03 7.869999e+03 0.000000e+00
5.020000e+02 1.017898e+03 7.934979e+03 0.000000e+00
5.030000e+02 5.965890e+02 7.977724e+03 0.000000e+00
5.040000e+02 1.736085e+02 7.998116e+03 0.000000e+00
5.050000e+02 -2.498584e+02 7.996097e+03 0.000000e+00
5.060000e+02 -6.726252e+02 7.971673e+03 0.000000e+00
5.070000e+02 -1.093507e+03 7.924913e+03 0.000000e+00
5.080000e+02 -1.511325e+03 7.855946e+03 0.000000e+00
5.090000e+02 -1.924909e+03 7.764968e+03 0.000000e+00
5.100000e+02 -2.333099e+03 7.652232e+03 0.000000e+00
5.110000e+02 -2.734751e+03 7.518054e+03 0.000000e+00
5.120000e+02 -3.128741e+03 7.362811e+03 0.000000e+00
5.130000e+02 -3.513963e+03 7.186937e+03 0.000000e+00
5.140000e+02 -3.889340e+03 6.990925e+03 0.000000e+00
5.150000e+02 -4.253819e+03 6.775325e+03 0.000000e+00
5.160000e+02 -4.606379e+03 6.540740e+03 0.000000e+00
5.170000e+02 -4.946031e+03 6.287828e+03 0.000000e+00
5.180000e+02 -5.271825e+03 6.017297e+03 0.000000e+00
5.190000e+02 -5.582847e+03 5.729906e+03 0.000000e+00
5.200000e+02 -5.878225e+03 5.426460e+03 0.000000e+00
5.210000e+02 -6.157133e+03 5.107808e+03 0.000000e+00
5.220000e+02 -6.418789e+03 4.774845e+03 0.000000e+00
5.230000e+02 -6.662459e+03 4.428503e+03 0.000000e+00
5.240000e+02 -6.887461e+03 4.069751e+03 0.000000e+00
5.250000e+02 -7.093165e+03 3.699597e+03 0.000000e+00
5.260000e+02 -7.278993e+03 3.319076e+03 0.000000e+00
5.270000e+02 -7.444425e+03 2.929255e+03 0.000000e+00
5.280000e+02 -7.588998e+03 2.531226e+03 0.000000e+00
5.290000e+02 -7.712307e+03 2.126105e+03 0.000000e+00
5.300000e+02 -7.814006e+03 1.715026e+03 0.000000e+00
5.310000e+02 -7.893810e+03 1.299142e+03 0.000000e+00
5.320000e+02 -7.951495e+03 8.796174e+02 0.000000e+00
5.330000e+02 -7.986900e+03 4.576284e+02 0.000000e+00
5.340000e+02 -7.999926e+03 3.435701e+01 0.000000e+00
5.350000e+02 -7.990536e+03 -3.890106e+02 0.000000e+00
5.360000e+02 -7.958757e+03 -8.112882e+02 0.000000e+00
5.370000e+02 -7.904677e+03 -1.231293e+03 0.000000e+00
5.380000e+02 -7.828448e+03 -1.647847e+03 0.000000e+00
5.390000e+02 -7.730284e+03 -2.059784e+03 0.000000e+00
5.400000e+02 -7.610459e+03 -2.465949e+03 0.000000e+00
5.410000e+02 -7.469310e+03 -2.865205e+03 0.000000e+00
5.420000e+02 -7.307232e+03 -3.256433e+03 0.000000e+00
5.430000e+02 -7.124679e+03 -3.638536e+03 0.000000e+00
5.440000e+02 -6.922163e+03 -4.010444e+03 0.000000e+00
5.450000e+02 -6.700251e+03 -4.371114e+03 0.000000e+00
5.460000e+02 -6.459564e+03 -4.719537e+03 0.000000e+00
5.470000e+02 -6.200778e+03 -5.054735e+03 0.000000e+00
5.480000e+02 -5.924617e+03 -5.375770e+03 0.000000e+00
5.490000e+02 -5.631856e+03 -5.681743e+03 0.000000e+00
5.500000e+02 -5.323314e+03 -5.971795e+03 0.000000e+00
5.510000e+02 -4.999856e+03 -6.245113e+03 0.000000e+00
5.520000e+02 -4.662388e+03 -6.500934e+03 0.000000e+00
5.530000e+02 -4.311857e+03 -6.738538e+03 0.000000e+00
5.540000e+02 -3.949243e+03 -6.957261e+03 0.000000e+00
5.550000e+02 -3.575564e+03 -7.156490e+03 0.000000e+00
5.560000e+02 -3.191866e+03 -7.335666e+03 0.000000e+00
5.570000e+02 -2.799224e+03 -7.494287e+03 0.000000e+00
5.580000e+02 -2.398739e+03 -7.631910e+03 0.000000e+00
5.590000e+02 -1.991532e+03 -7.748148e+03 0.000000e+00
5.600000e+02 -1.578746e+03 -7.842676e+03 0.000000e+00
5.610000e+02 -1.161535e+03 -7.915228e+03 0.000000e+00
5.620000e+02 -7.410705e+02 -7.965602e+03 0.000000e+00
5.630000e+02 -3.185291e+02 -7.993656e+03 0.000000e+00
5.640000e+02 1.049049e+02 -7.999312e+03 0.000000e+00
5.650000e+02 5.280449e+02 -7.982554e+03 0.000000e+00
5.660000e+02 9.497053e+02 -7.943429e+03 0.000000e+00
5.670000e+02 1.368705e+03 -7.882046e+03 0.000000e+00
5.680000e+02 1.783869e+03 -7.798578e+03 0.000000e+00
5.690000e+02 2.194035e+03 -7.693258e+03 0.000000e+00
5.700000e+02 2.598053e+03 -7.566381e+03 0.000000e+00
5.710000e+02 2.994791e+03 -7.418303e+03 0.000000e+00
5.720000e+02 3.383138e+03 -7.249440e+03 0.000000e+00
5.730000e+02 3.762006e+03 -7.060263e+03 0.000000e+00
5.740000e+02 4.130332e+03 -6.851303e+03 0.000000e+00
5.750000e+02 4.487085e+03 -6.623147e+03 0.000000e+00
5.760000e+02 4.831265e+03 -6.376431e+03 0.000000e+00
5.770000e+02 5.161908e+03 -6.111850e+03 0.000000e+00
5.780000e+02 5.478087e+03 -5.830142e+03 0.000000e+00
5.790000e+02 5.778917e+03 -5.532099e+03 0.000000e+00
5.800000e+02 6.063554e+03 -5.218555e+03 0.000000e+00
5.810000e+02 6.331201e+03 -4.890388e+03 0.000000e+00
5.820000e+02 6.581108e+03 -4.548518e+03 0.000000e+00
5.830000e+02 6.812574e+03 -4.193904e+03 0.000000e+00
5.840000e+02 7.024952e+03 -3.827538e+03 0.000000e+00
5.850000e+02 7.217646e+03 -3.450447e+03 0.000000e+00
5.860000e+02 7.390116e+03 -3.063688e+03 0.000000e+00
5.870000e+02 7.541879e+03 -2.668345e+03 0.000000e+00
5.880000e+02 7.672509e+03 -2.265525e+03 0.000000e+00
5.890000e+02 7.781641e+03 -1.856357e+03 0.000000e+00
5.900000e+02 7.868969e+03 -1.441987e+03 0.000000e+00
5.910000e+02 7.934248e+03 -1.023577e+03 0.000000e+00
5.920000e+02 7.977295e+03 -6.022990e+02 0.000000e+00
5.930000e+02 7.997990e+03 -1.793333e+02 0.000000e+00
5.940000e+02 7.996274e+03 2.441350e+02 0.000000e+00
5.950000e+02 7.972153e+03 6.669192e+02 0.000000e+00
5.960000e+02 7.925693e+03 1.087835e+03 0.000000e+00
5.970000e+02 7.857026e+03 1.505702e+03 0.000000e+00
5.980000e+02 7.766344e+03 1.919350e+03 0.000000e+00
5.990000e+02 7.653900e+03 2.327621e+03 0.000000e+00
6.000000e+02 7.520010e+03 2.729369e+03 0.000000e+00
6.010000e+02 7.365048e+03 3.123470e+03 0.000000e+00
6.020000e+02 7.189450e+03 3.508818e+03 0.000000e+00
6.030000e+02 6.993707e+03 3.884335e+03 0.000000e+00
6.040000e+02 6.778368e+03 4.248968e+03 0.000000e+00
6.050000e+02 6.544035e+03 4.601696e+03 0.000000e+00
6.060000e+02 6.291366e+03 4.941529e+03 0.000000e+00
6.070000e+02 6.021069e+03 5.267516e+03 0.000000e+00
6.080000e+02 5.733901e+03 5.578744e+03 0.000000e+00
6.090000e+02 5.430666e+03 5.874340e+03 0.000000e+00
6.100000e+02 5.112214e+03 6.153476e+03 0.000000e+00
6.110000e+02 4.779438e+03 6.415370e+03 0.000000e+00
6.120000e+02 4.433270e+03 6.659288e+03 0.000000e+00
6.130000e+02 4.074680e+03 6.884547e+03 0.000000e+00
6.140000e+02 3.704673e+03 7.090515e+03 0.000000e+00
6.150000e+02 3.324285e+03 7.276615e+03 0.000000e+00
6.160000e+02 2.934583e+03 7.442327e+03 0.000000e+00
6.170000e+02 2.536657e+03 7.587185e+03 0.000000e+00
6.180000e+02 2.131624e+03 7.710783e+03 0.000000e+00
6.190000e+02 1.720619e+03 7.812776e+03 0.000000e+00
6.200000e+02 1.304792e+03 7.892878e+03 0.000000e+00
6.210000e+02 8.853087e+02 7.950863e+03 0.000000e+00
6.220000e+02 4.633450e+02 7.986571e+03 0.000000e+00
6.230000e+02 4.008313e+01 7.999900e+03 0.000000e+00
6.240000e+02 -3.832911e+02 7.990813e+03 0.000000e+00
6.250000e+02 -8.055913e+02 7.959336e+03 0.000000e+00
6.260000e+02 -1.225634e+03 7.905556e+03 0.000000e+00
6.270000e+02 -1.642243e+03 7.829626e+03 0.000000e+00
6.280000e+02 -2.054250e+03 7.731756e+03 0.000000e+00
6.290000e+02 -2.460501e+03 7.612223e+03 0.000000e+00
6.300000e+02 -2.859858e+03 7.471359e+03 0.000000e+00
6.310000e+02 -3.251202e+03 7.309561e+03 0.000000e+00
6.320000e+02 -3.633435e+03 7.127282e+03 0.000000e+00
6.330000e+02 -4.005488e+03 6.925032e+03 0.000000e+00
6.340000e+02 -4.366317e+03 6.703378e+03 0.000000e+00
6.350000e+02 -4.714912e+03 6.462941e+03 0.000000e+00
6.360000e+02 -5.050296e+03 6.204395e+03 0.000000e+00
6.370000e+02 -5.371528e+03 5.928464e+03 0.000000e+00
6.380000e+02 -5.677710e+03 5.635921e+03 0.000000e+00
6.390000e+02 -5.967983e+03 5.327587e+03 0.000000e+00
6.400000e+02 -6.241533e+03 5.004325e+03 0.000000e+00
6.410000e+02 -6.497595e+03 4.667040e+03 0.000000e+00
6.420000e+02 -6.735450e+03 4.316679e+03 0.000000e+00
6.430000e+02 -6.954432e+03 3.954222e+03 0.000000e+00
6.440000e+02 -7.153929e+03 3.580685e+03 0.000000e+00
6.450000e+02 -7.333379e+03 3.197116e+03 0.000000e+00
6.460000e+02 -7.492282e+03 2.804587e+03 0.000000e+00
6.470000e+02 -7.630191e+03 2.404201e+03 0.000000e+00
6.480000e+02 -7.746721e+03 1.997078e+03 0.000000e+00
6.490000e+02 -7.841544e+03 1.584359e+03 0.000000e+00
6.500000e+02 -7.914395e+03 1.167201e+03 0.000000e+00
6.510000e+02 -7.965069e+03 7.467719e+02 0.000000e+00
6.520000e+02 -7.993426e+03 3.242506e+02 0.000000e+00
6.530000e+02 -7.999385e+03 -9.917916e+01 0.000000e+00
6.540000e+02 -7.982930e+03 -5.223311e+02 0.000000e+00
6.550000e+02 -7.944106e+03 -9.440194e+02 0.000000e+00
6.560000e+02 -7.883024e+03 -1.363063e+03 0.000000e+00
6.570000e+02 -7.799852e+03 -1.778286e+03 0.000000e+00
6.580000e+02 -7.694826e+03 -2.188528e+03 0.000000e+00
6.590000e+02 -7.568239e+03 -2.592636e+03 0.000000e+00
6.600000e+02 -7.420445e+03 -2.989481e+03 0.000000e+00
6.610000e+02 -7.251859e+03 -3.377948e+03 0.000000e+00
6.620000e+02 -7.062954e+03 -3.756951e+03 0.000000e+00
6.630000e+02 -6.854258e+03 -4.125427e+03 0.000000e+00
6.640000e+02 -6.626357e+03 -4.482343e+03 0.000000e+00
6.650000e+02 -6.379888e+03 -4.826700e+03 0.000000e+00
6.660000e+02 -6.115543e+03 -5.157532e+03 0.000000e+00
6.670000e+02 -5.834062e+03 -5.473913e+03 0.000000e+00
6.680000e+02 -5.536234e+03 -5.774956e+03 0.000000e+00
6.690000e+02 -5.222894e+03 -6.059817e+03 0.000000e+00
6.700000e+02 -4.894918e+03 -6.327699e+03 0.000000e+00
6.710000e+02 -4.553228e+03 -6.577850e+03 0.000000e+00
6.720000e+02 -4.198779e+03 -6.809571e+03 0.000000e+00
6.730000e+02 -3.832565e+03 -7.022211e+03 0.000000e+00
6.740000e+02 -3.455612e+03 -7.215174e+03 0.000000e+00
6.750000e+02 -3.068977e+03 -7.387921e+03 0.000000e+00
6.760000e+02 -2.673743e+03 -7.539967e+03 0.000000e+00
6.770000e+02 -2.271016e+03 -7.670886e+03 0.000000e+00
6.780000e+02 -1.861926e+03 -7.780310e+03 0.000000e+00
6.790000e+02 -1.447619e+03 -7.867935e+03 0.000000e+00
6.800000e+02 -1.029256e+03 -7.933513e+03 0.000000e+00
6.810000e+02 -6.080088e+02 -7.976862e+03 0.000000e+00
6.820000e+02 -1.850580e+02 -7.997859e+03 0.000000e+00
6.830000e+02 2.384114e+02 -7.996447e+03 0.000000e+00
6.840000e+02 6.612127e+02 -7.972628e+03 0.000000e+00
6.850000e+02 1.082161e+03 -7.926470e+03 0.000000e+00
6.860000e+02 1.500078e+03 -7.858102e+03 0.000000e+00
6.870000e+02 1.913791e+03 -7.767716e+03 0.000000e+00
6.880000e+02 2.322142e+03 -7.655564e+03 0.000000e+00
6.890000e+02 2.723986e+03 -7.521961e+03 0.000000e+00
6.900000e+02 3.118197e+03 -7.367282e+03 0.000000e+00
6.910000e+02 3.503671e+03 -7.191960e+03 0.000000e+00
6.920000e+02 3.879328e+03 -6.996486e+03 0.000000e+00
6.930000e+02 4.244115e+03 -6.781407e+03 0.000000e+00
6.940000e+02 4.597010e+03 -6.547327e+03 0.000000e+00
6.950000e+02 4.937025e+03 -6.294902e+03 0.000000e+00
6.960000e+02 5.263205e+03 -6.024838e+03 0.000000e+00
6.970000e+02 5.574638e+03 -5.737892e+03 0.000000e+00
6.980000e+02 5.870451e+03 -5.434869e+03 0.000000e+00
6.990000e+02 6.149815e+03 -5.116617e+03 0.000000e+00
7.000000e+02 6.411947e+03 -4.784029e+03 0.000000e+00
7.010000e+02 6.656113e+03 -4.438036e+03 0.000000e+00
7.020000e+02 6.881628e+03 -4.079607e+03 0.000000e+00
7.030000e+02 7.087861e+03 -3.709747e+03 0.000000e+00
7.040000e+02 7.274234e+03 -3.329493e+03 0.000000e+00
7.050000e+02 7.440224e+03 -2.939909e+03 0.000000e+00
7.060000e+02 7.585367e+03 -2.542087e+03 0.000000e+00
7.070000e+02 7.709255e+03 -2.137143e+03 0.000000e+00
7.080000e+02 7.811543e+03 -1.726210e+03 0.000000e+00
7.090000e+02 7.891942e+03 -1.310441e+03 0.000000e+00
7.100000e+02 7.950228e+03 -8.909995e+02 0.000000e+00
7.110000e+02 7.986237e+03 -4.690615e+02 0.000000e+00
7.120000e+02 7.999869e+03 -4.580924e+01 0.000000e+00
7.130000e+02 7.991085e+03 3.775714e+02 0.000000e+00
7.140000e+02 7.959910e+03 7.998941e+02 0.000000e+00
7.150000e+02 7.906432e+03 1.219975e+03 0.000000e+00
7.160000e+02 7.830799e+03 1.636638e+03 0.000000e+00
7.170000e+02 7.733225e+03 2.048716e+03 0.000000e+00
7.180000e+02 7.613982e+03 2.455052e+03 0.000000e+00
7.190000e+02 7.473404e+03 2.854510e+03 0.000000e+00
7.200000e+02 7.311887e+03 3.245969e+03 0.000000e+00
7.210000e+02 7.129881e+03 3.628333e+03 0.000000e+00
7.220000e+02 6.927897e+03 4.000530e+03 0.000000e+00
7.230000e+02 6.706501e+03 4.361518e+03 0.000000e+00
7.240000e+02 6.466314e+03 4.710285e+03 0.000000e+00
7.250000e+02 6.208008e+03 5.045853e+03 0.000000e+00
7.260000e+02 5.932307e+03 5.367284e+03 0.000000e+00
7.270000e+02 5.639984e+03 5.673675e+03 0.000000e+00
7.280000e+02 5.331857e+03 5.964168e+03 0.000000e+00
7.290000e+02 5.008791e+03 6.237950e+03 0.000000e+00
7.300000e+02 4.671690e+03 6.494252e+03 0.000000e+00
7.310000e+02 4.321499e+03 6.732358e+03 0.000000e+00
7.320000e+02 3.959199e+03 6.951600e+03 0.000000e+00
7.330000e+02 3.585805e+03 7.151364e+03 0.000000e+00
7.340000e+02 3.202364e+03 7.331089e+03 0.000000e+00
7.350000e+02 2.809950e+03 7.490273e+03 0.000000e+00
7.360000e+02 2.409662e+03 7.628468e+03 0.000000e+00
7.370000e+02 2.002622e+03 7.745289e+03 0.000000e+00
7.380000e+02 1.589971e+03 7.840408e+03 0.000000e+00
7.390000e+02 1.172865e+03 7.913557e+03 0.000000e+00
7.400000e+02 7.524729e+02 7.964533e+03 0.000000e+00
7.410000e+02 3.299720e+02 7.993192e+03 0.000000e+00
7.420000e+02 -9.345339e+01 7.999454e+03 0.000000e+00
7.430000e+02 -5.166170e+02 7.983302e+03 0.000000e+00
7.440000e+02 -9.383330e+02 7.944780e+03 0.000000e+00
7.450000e+02 -1.357420e+03 7.883997e+03 0.000000e+00
7.460000e+02 -1.772703e+03 7.801123e+03 0.000000e+00
7.470000e+02 -2.183019e+03 7.696391e+03 0.000000e+00
7.480000e+02 -2.587219e+03 7.570092e+03 0.000000e+00
7.490000e+02 -2.984169e+03 7.422583e+03 0.000000e+00
7.500000e+02 -3.372757e+03 7.254275e+03 0.000000e+00
7.510000e+02 -3.751895e+03 7.065641e+03 0.000000e+00
7.520000e+02 -4.120520e+03 6.857209e+03 0.000000e+00
7.530000e+02 -4.477599e+03 6.629563e+03 0.000000e+00
7.540000e+02 -4.822132e+03 6.383341e+03 0.000000e+00
7.550000e+02 -5.153153e+03 6.119233e+03 0.000000e+00
7.560000e+02 -5.469735e+03 5.837979e+03 0.000000e+00
7.570000e+02 -5.770991e+03 5.540366e+03 0.000000e+00
7.580000e+02 -6.056077e+03 5.227230e+03 0.000000e+00
7.590000e+02 -6.324194e+03 4.899446e+03 0.000000e+00
7.600000e+02 -6.574590e+03 4.557935e+03 0.000000e+00
7.610000e+02 -6.806564e+03 4.203652e+03 0.000000e+00
7.620000e+02 -7.019466e+03 3.837590e+03 0.000000e+00
7.630000e+02 -7.212699e+03 3.460776e+03 0.000000e+00
7.640000e+02 -7.385723e+03 3.074264e+03 0.000000e+00
7.650000e+02 -7.538051e+03 2.679139e+03 0.000000e+00
7.660000e+02 -7.669258e+03 2.276506e+03 0.000000e+00
7.670000e+02 -7.778976e+03 1.867495e+03 0.000000e+00
7.680000e+02 -7.866897e+03 1.453251e+03 0.000000e+00
7.690000e+02 -7.932774e+03 1.034934e+03 0.000000e+00
7.700000e+02 -7.976425e+03 6.137183e+02 0.000000e+00
7.710000e+02 -7.997725e+03 1.907826e+02 0.000000e+00
7.720000e+02 -7.996615e+03 -2.326877e+02 0.000000e+00
7.730000e+02 -7.973099e+03 -6.555060e+02 0.000000e+00
7.740000e+02 -7.927243e+03 -1.076488e+03 0.000000e+00
7.750000e+02 -7.859174e+03 -1.494453e+03 0.000000e+00
7.760000e+02 -7.769083e+03 -1.908231e+03 0.000000e+00
7.770000e+02 -7.657224e+03 -2.316661e+03 0.000000e+00
7.780000e+02 -7.523909e+03 -2.718601e+03 0.000000e+00
7.790000e+02 -7.369512e+03 -3.112923e+03 0.000000e+00
7.800000e+02 -7.194466e+03 -3.498523e+03 0.000000e+00
7.810000e+02 -6.999261e+03 -3.874320e+03 0.000000e+00
7.820000e+02 -6.784443e+03 -4.239260e+03 0.000000e+00
7.830000e+02 -6.550616e+03 -4.592323e+03 0.000000e+00
7.840000e+02 -6.298434e+03 -4.932518e+03 0.000000e+00
7.850000e+02 -6.028604e+03 -5.258891e+03 0.000000e+00
7.860000e+02 -5.741881e+03 -5.570530e+03 0.000000e+00
7.870000e+02 -5.439070e+03 -5.866560e+03 0.000000e+00
7.880000e+02 -5.121018e+03 -6.146151e+03 0.000000e+00
7.890000e+02 -4.788617e+03 -6.408521e+03 0.000000e+00
7.900000e+02 -4.442799e+03 -6.652935e+03 0.000000e+00
7.910000e+02 -4.084532e+03 -6.878706e+03 0.000000e+00
7.920000e+02 -3.714819e+03 -7.085204e+03 0.000000e+00
7.930000e+02 -3.334698e+03 -7.271849e+03 0.000000e+00
7.940000e+02 -2.945234e+03 -7.438118e+03 0.000000e+00
7.950000e+02 -2.547516e+03 -7.583545e+03 0.000000e+00
7.960000e+02 -2.142661e+03 -7.707724e+03 0.000000e+00
7.970000e+02 -1.731801e+03 -7.810305e+03 0.000000e+00
7.980000e+02 -1.316089e+03 -7.891002e+03 0.000000e+00
7.990000e+02 -8.966898e+02 -7.949588e+03 0.000000e+00
8.000000e+02 -4.747777e+02 -7.985899e+03 0.000000e+00
8.010000e+02 -5.153532e+01 -7.999834e+03 0.000000e+00
8.020000e+02 3.718515e+02 -7.991353e+03 0.000000e+00
8.030000e+02 7.941964e+02 -7.960481e+03 0.000000e+00
8.040000e+02 1.214316e+03 -7.907303e+03 0.000000e+00
8.050000e+02 1.631033e+03 -7.831969e+03 0.000000e+00
8.060000e+02 2.043180e+03 -7.734689e+03 0.000000e+00
8.070000e+02 2.449602e+03 -7.615737e+03 0.000000e+00
8.080000e+02 2.849160e+03 -7.475446e+03 0.000000e+00
8.090000e+02 3.240734e+03 -7.314208e+03 0.000000e+00
8.100000e+02 3.623228e+03 -7.132476e+03 0.000000e+00
8.110000e+02 3.995570e+03 -6.930759e+03 0.000000e+00
8.120000e+02 4.356717e+03 -6.709622e+03 0.000000e+00
8.130000e+02 4.705655e+03 -6.469684e+03 0.000000e+00
8.140000e+02 5.041409e+03 -6.211618e+03 0.000000e+00
8.150000e+02 5.363036e+03 -5.936147e+03 0.000000e+00
8.160000e+02 5.669636e+03 -5.644043e+03 0.000000e+00
8.170000e+02 5.960350e+03 -5.336125e+03 0.000000e+00
8.180000e+02 6.234363e+03 -5.013255e+03 0.000000e+00
8.190000e+02 6.490907e+03 -4.676337e+03 0.000000e+00
8.200000e+02 6.729263e+03 -4.326316e+03 0.000000e+00
8.210000e+02 6.948765e+03 -3.964173e+03 0.000000e+00
8.220000e+02 7.148795e+03 -3.590923e+03 0.000000e+00
8.230000e+02 7.328795e+03 -3.207610e+03 0.000000e+00
8.240000e+02 7.488259e+03 -2.815310e+03 0.000000e+00
8.250000e+02 7.626742e+03 -2.415121e+03 0.000000e+00
8.260000e+02 7.743854e+03 -2.008166e+03 0.000000e+00
8.270000e+02 7.839268e+03 -1.595583e+03 0.000000e+00
8.280000e+02 7.912716e+03 -1.178529e+03 0.000000e+00
8.290000e+02 7.963992e+03 -7.581735e+02 0.000000e+00
8.300000e+02 7.992954e+03 -3.356933e+02 0.000000e+00
8.310000e+02 7.999519e+03 8.772757e+01 0.000000e+00
8.320000e+02 7.983669e+03 5.109026e+02 0.000000e+00
8.330000e+02 7.945450e+03 9.326461e+02 0.000000e+00
8.340000e+02 7.884967e+03 1.351776e+03 0.000000e+00
8.350000e+02 7.802390e+03 1.767119e+03 0.000000e+00
8.360000e+02 7.697951e+03 2.177510e+03 0.000000e+00
8.370000e+02 7.571942e+03 2.581799e+03 0.000000e+00
8.380000e+02 7.424717e+03 2.978855e+03 0.000000e+00
8.390000e+02 7.256688e+03 3.367564e+03 0.000000e+00
8.400000e+02 7.068325e+03 3.746836e+03 0.000000e+00
8.410000e+02 6.860157e+03 4.115610e+03 0.000000e+00
8.420000e+02 6.632766e+03 4.472852e+03 0.000000e+00
8.430000e+02 6.386791e+03 4.817562e+03 0.000000e+00
8.440000e+02 6.122920e+03 5.148772e+03 0.000000e+00
8.450000e+02 5.841892e+03 5.465555e+03 0.000000e+00
8.460000e+02 5.544495e+03 5.767024e+03 0.000000e+00
8.470000e+02 5.231563e+03 6.052334e+03 0.000000e+00
8.480000e+02 4.903972e+03 6.320685e+03 0.000000e+00
8.490000e+02 4.562640e+03 6.571326e+03 0.000000e+00
8.500000e+02 4.208523e+03 6.803553e+03 0.000000e+00
8.510000e+02 3.842614e+03 7.016717e+03 0.000000e+00
8.520000e+02 3.465938e+03 7.210220e+03 0.000000e+00
8.530000e+02 3.079550e+03 7.383520e+03 0.000000e+00
8.540000e+02 2.684534e+03 7.536132e+03 0.000000e+00
8.550000e+02 2.281995e+03 7.667627e+03 0.000000e+00
8.560000e+02 1.873062e+03 7.777637e+03 0.000000e+00
8.570000e+02 1.458881e+03 7.865854e+03 0.000000e+00
8.580000e+02 1.040612e+03 7.932032e+03 0.000000e+00
8.590000e+02 6.194274e+02 7.975983e+03 0.000000e+00
8.600000e+02 1.965071e+02 7.997586e+03 0.000000e+00
8.610000e+02 -2.269639e+02 7.996780e+03 0.000000e+00
8.620000e+02 -6.497989e+02 7.973566e+03 0.000000e+00
8.630000e+02 -1.070813e+03 7.928011e+03 0.000000e+00
8.640000e+02 -1.488827e+03 7.860241e+03 0.000000e+00
8.650000e+02 -1.902669e+03 7.770447e+03 0.000000e+00
8.660000e+02 -2.311180e+03 7.658880e+03 0.000000e+00
8.670000e+02 -2.713215e+03 7.525853e+03 0.000000e+00
8.680000e+02 -3.107647e+03 7.371738e+03 0.000000e+00
8.690000e+02 -3.493372e+03 7.196968e+03 0.000000e+00
8.700000e+02 -3.869309e+03 7.002032e+03 0.000000e+00
8.710000e+02 -4.234403e+03 6.787476e+03 0.000000e+00
8.720000e+02 -4.587633e+03 6.553901e+03 0.000000e+00
8.730000e+02 -4.928008e+03 6.301963e+03 0.000000e+00
8.740000e+02 -5.254575e+03 6.032366e+03 0.000000e+00
8.750000e+02 -5.566419e+03 5.745867e+03 0.000000e+00
8.760000e+02 -5.862665e+03 5.443267e+03 0.000000e+00
8.770000e+02 -6.142484e+03 5.125416e+03 0.000000e+00
8.780000e+02 -6.405092e+03 4.793203e+03 0.000000e+00
8.790000e+02 -6.649753e+03 4.447560e+03 0.000000e+00
8.800000e+02 -6.875781e+03 4.089454e+03 0.000000e+00
8.810000e+02 -7.082543e+03 3.719890e+03 0.000000e+00
8.820000e+02 -7.269460e+03 3.339903e+03 0.000000e+00
8.830000e+02 -7.436008e+03 2.950557e+03 0.000000e+00
8.840000e+02 -7.581720e+03 2.552944e+03 0.000000e+00
8.850000e+02 -7.706188e+03 2.148177e+03 0.000000e+00
8.860000e+02 -7.809063e+03 1.737391e+03 0.000000e+00
8.870000e+02 -7.890058e+03 1.321737e+03 0.000000e+00
8.880000e+02 -7.948944e+03 9.023797e+02 0.000000e+00
8.890000e+02 -7.985557e+03 4.804937e+02 0.000000e+00
8.900000e+02 -7.999795e+03 5.726137e+01 0.000000e+00
8.910000e+02 -7.991617e+03 -3.661314e+02 0.000000e+00
8.920000e+02 -7.961047e+03 -7.884983e+02 0.000000e+00
8.930000e+02 -7.908170e+03 -1.208656e+03 0.000000e+00
8.940000e+02 -7.833134e+03 -1.625427e+03 0.000000e+00
8.950000e+02 -7.736150e+03 -2.037643e+03 0.000000e+00
8.960000e+02 -7.617489e+03 -2.444150e+03 0.000000e+00
8.970000e+02 -7.477483e+03 -2.843808e+03 0.000000e+00
8.980000e+02 -7.316526e+03 -3.235498e+03 0.000000e+00
8.990000e+02 -7.135068e+03 -3.618122e+03 0.000000e+00
9.000000e+02 -6.933617e+03 -3.990608e+03 0.000000e+00
9.010000e+02 -6.712738e+03 -4.351913e+03 0.000000e+00
9.020000e+02 -6.473050e+03 -4.701023e+03 0.000000e+00
9.030000e+02 -6.215225e+03 -5.036961e+03 0.000000e+00
9.040000e+02 -5.939984e+03 -5.358786e+03 0.000000e+00
9.050000e+02 -5.648100e+03 -5.665595e+03 0.000000e+00
9.060000e+02 -5.340390e+03 -5.956529e+03 0.000000e+00
9.070000e+02 -5.017716e+03 -6.230773e+03 0.000000e+00
9.080000e+02 -4.680982e+03 -6.487558e+03 0.000000e+00
9.090000e+02 -4.331132e+03 -6.726165e+03 0.000000e+00
9.100000e+02 -3.969146e+03 -6.945925e+03 0.000000e+00
9.110000e+02 -3.596039e+03 -7.146223e+03 0.000000e+00
9.120000e+02 -3.212855e+03 -7.326497e+03 0.000000e+00
9.130000e+02 -2.820669e+03 -7.486242e+03 0.000000e+00
9.140000e+02 -2.420580e+03 -7.625011e+03 0.000000e+00
9.150000e+02 -2.013708e+03 -7.742414e+03 0.000000e+00
9.160000e+02 -1.601194e+03 -7.838123e+03 0.000000e+00
9.170000e+02 -1.184193e+03 -7.911870e+03 0.000000e+00
9.180000e+02 -7.638737e+02 -7.963448e+03 0.000000e+00
9.190000e+02 -3.414143e+02 -7.992711e+03 0.000000e+00
9.200000e+02 8.200171e+01 -7.999580e+03 0.000000e+00
9.210000e+02 5.051880e+02 -7.984033e+03 0.000000e+00
9.220000e+02 9.269587e+02 -7.946115e+03 0.000000e+00
9.230000e+02 1.346132e+03 -7.885932e+03 0.000000e+00
9.240000e+02 1.761534e+03 -7.803653e+03 0.000000e+00
9.250000e+02 2.171999e+03 -7.699508e+03 0.000000e+00
9.260000e+02 2.576379e+03 -7.573788e+03 0.000000e+00
9.270000e+02 2.973540e+03 -7.426847e+03 0.000000e+00
9.280000e+02 3.362369e+03 -7.259096e+03 0.000000e+00
9.290000e+02 3.741776e+03 -7.071005e+03 0.000000e+00
9.300000e+02 4.110699e+03 -6.863101e+03 0.000000e+00
9.310000e+02 4.468104e+03 -6.635966e+03 0.000000e+00
9.320000e+02 4.812989e+03 -6.390238e+03 0.000000e+00
9.330000e+02 5.144388e+03 -6.126604e+03 0.000000e+00
9.340000e+02 5.461373e+03 -5.845803e+03 0.000000e+00
9.350000e+02 5.763054e+03 -5.548622e+03 0.000000e+00
9.360000e+02 6.048588e+03 -5.235894e+03 0.000000e+00
9.370000e+02 6.317173e+03 -4.908495e+03 0.000000e+00
9.380000e+02 6.568058e+03 -4.567342e+03 0.000000e+00
9.390000e+02 6.800539e+03 -4.213392e+03 0.000000e+00
9.400000e+02 7.013965e+03 -3.847635e+03 0.000000e+00
9.410000e+02 7.207738e+03 -3.471098e+03 0.000000e+00
9.420000e+02 7.381314e+03 -3.084834e+03 0.000000e+00
9.430000e+02 7.534208e+03 -2.689927e+03 0.000000e+00
9.440000e+02 7.665991e+03 -2.287483e+03 0.000000e+00
9.450000e+02 7.776294e+03 -1.878629e+03 0.000000e+00
9.460000e+02 7.864808e+03 -1.464511e+03 0.000000e+00
9.470000e+02 7.931285e+03 -1.046289e+03 0.000000e+00
9.480000e+02 7.975538e+03 -6.251363e+02 0.000000e+00
9.490000e+02 7.997443e+03 -2.022315e+02 0.000000e+00
9.500000e+02 7.996940e+03 2.212399e+02 0.000000e+00
9.510000e+02 7.974029e+03 6.440914e+02 0.000000e+00
9.520000e+02 7.928775e+03 1.065138e+03 0.000000e+00
9.530000e+02 7.861305e+03 1.483200e+03 0.000000e+00
9.540000e+02 7.771807e+03 1.897107e+03 0.000000e+00
9.550000e+02 7.660533e+03 2.305697e+03 0.000000e+00
9.560000e+02 7.527793e+03 2.707827e+03 0.000000e+00
9.570000e+02 7.373961e+03 3.102370e+03 0.000000e+00
9.580000e+02 7.199467e+03 3.488220e+03 0.000000e+00
9.590000e+02 7.004800e+03 3.864296e+03 0.000000e+00
9.600000e+02 6.790505e+03 4.229544e+03 0.000000e+00
9.610000e+02 6.557183e+03 4.582941e+03 0.000000e+00
9.620000e+02 6.305489e+03 4.923496e+03 0.000000e+00
9.630000e+02 6.036126e+03 5.250256e+03 0.000000e+00
9.640000e+02 5.749850e+03 5.562304e+03 0.000000e+00
9.650000e+02 5.447462e+03 5.858767e+03 0.000000e+00
9.660000e+02 5.129811e+03 6.138814e+03 0.000000e+00
9.670000e+02 4.797786e+03 6.401660e+03 0.000000e+00
9.680000e+02 4.452318e+03 6.646568e+03 0.000000e+00
9.690000e+02 4.094375e+03 6.872852e+03 0.000000e+00
9.700000e+02 3.724958e+03 7.079879e+03 0.000000e+00
9.710000e+02 3.345105e+03 7.267068e+03 0.000000e+00
9.720000e+02 2.955879e+03 7.433894e+03 0.000000e+00
9.730000e+02 2.558370e+03 7.579891e+03 0.000000e+00
9.740000e+02 2.153692e+03 7.704649e+03 0.000000e+00
9.750000e+02 1.742980e+03 7.807818e+03 0.000000e+00
9.760000e+02 1.327384e+03 7.889110e+03 0.000000e+00
9.770000e+02 9.080691e+02 7.948296e+03 0.000000e+00
9.780000e+02 4.862094e+02 7.985211e+03 0.000000e+00
9.790000e+02 6.298739e+01 7.999752e+03 0.000000e+00
9.800000e+02 -3.604111e+02 7.991877e+03 0.000000e+00
9.810000e+02 -7.827997e+02 7.961609e+03 0.000000e+00
9.820000e+02 -1.202995e+03 7.909033e+03 0.000000e+00
9.830000e+02 -1.619819e+03 7.834295e+03 0.000000e+00
9.840000e+02 -2.032105e+03 7.737606e+03 0.000000e+00
9.850000e+02 -2.438697e+03 7.619236e+03 0.000000e+00
9.860000e+02 -2.838455e+03 7.479517e+03 0.000000e+00
9.870000e+02 -3.230260e+03 7.318840e+03 0.000000e+00
9.880000e+02 -3.613014e+03 7.137656e+03 0.000000e+00
9.890000e+02 -3.985645e+03 6.936472e+03 0.000000e+00
9.900000e+02 -4.347107e+03 6.715851e+03 0.000000e+00
9.910000e+02 -4.696389e+03 6.476414e+03 0.000000e+00
9.920000e+02 -5.032511e+03 6.218829e+03 0.000000e+00
9.930000e+02 -5.354533e+03 5.943819e+03 0.000000e+00
9.940000e+02 -5.661551e+03 5.652154e+03 0.000000e+00
9.950000e+02 -5.952705e+03 5.344652e+03 0.000000e+00
9.960000e+02 -6.227180e+03 5.022174e+03 0.000000e+00
9.970000e+02 -6.484206e+03 4.685624e+03 0.000000e+00
9.980000e+02 -6.723063e+03 4.335945e+03 0.000000e+00
9.990000e+02 -6.943083e+03 3.974117e+03 0.000000e+00
1.000000e+03 -7.143647e+03 3.601153e+03 0.000000e+00
1.001000e+03 -7.324196e+03 3.218099e+03 0.000000e+00
1.002000e+03 -7.484221e+03 2.826027e+03 0.000000e+00
1.003000e+03 -7.623276e+03 2.426037e+03 0.000000e+00
1.004000e+03 -7.740971e+03 2.019249e+03 0.000000e+00
1.005000e+03 -7.836975e+03 1.606804e+03 0.000000e+00
1.006000e+03 -7.911020e+03 1.189856e+03 0.000000e+00
1.007000e+03 -7.962899e+03 7.695735e+02 0.000000e+00
1.008000e+03 -7.992465e+03 3.471352e+02 0.000000e+00
1.009000e+03 -7.999636e+03 -7.627580e+01 0.000000e+00
1.010000e+03 -7.984393e+03 -4.994731e+02 0.000000e+00
1.011000e+03 -7.946777e+03 -9.212708e+02 0.000000e+00
1.012000e+03 -7.886894e+03 -1.340487e+03 0.000000e+00
1.013000e+03 -7.804912e+03 -1.755947e+03 0.000000e+00
1.014000e+03 -7.701060e+03 -2.166488e+03 0.000000e+00
1.015000e+03 -7.575631e+03 -2.570957e+03 0.000000e+00
1.016000e+03 -7.428974e+03 -2.968223e+03 0.000000e+00
1.017000e+03 -7.261501e+03 -3.357172e+03 0.000000e+00
1.018000e+03 -7.073682e+03 -3.736714e+03 0.000000e+00
1.019000e+03 -6.866041e+03 -4.105786e+03 0.000000e+00
1.020000e+03 -6.639163e+03 -4.463353e+03 0.000000e+00
1.021000e+03 -6.393681e+03 -4.808414e+03 0.000000e+00
1.022000e+03 -6.130284e+03 -5.140001e+03 0.000000e+00
1.023000e+03 -5.849710e+03 -5.457187e+03 0.000000e+00
1.024000e+03 -5.552746e+03 -5.759081e+03 0.000000e+00
1.025000e+03 -5.240222e+03 -6.044839e+03 0.000000e+00
1.026000e+03 -4.913015e+03 -6.313658e+03 0.000000e+00
1.027000e+03 -4.572042e+03 -6.564787e+03 0.000000e+00
1.028000e+03 -4.218258e+03 -6.797521e+03 0.000000e+00
1.029000e+03 -3.852655e+03 -7.011209e+03 0.000000e+00
1.030000e+03 -3.476256e+03 -7.205251e+03 0.000000e+00
1.031000e+03 -3.090117e+03 -7.379104e+03 0.000000e+00
1.032000e+03 -2.695319e+03 -7.532281e+03 0.000000e+00
1.033000e+03 -2.292969e+03 -7.664352e+03 0.000000e+00
1.034000e+03 -1.884194e+03 -7.774948e+03 0.000000e+00
1.035000e+03 -1.470140e+03 -7.863758e+03 0.000000e+00
1.036000e+03 -1.051966e+03 -7.930534e+03 0.000000e+00
1.037000e+03 -6.308448e+02 -7.975088e+03 0.000000e+00
1.038000e+03 -2.079558e+02 -7.997297e+03 0.000000e+00
1.039000e+03 2.155159e+02 -7.997097e+03 0.000000e+00
1.040000e+03 6.383837e+02 -7.974488e+03 0.000000e+00
1.041000e+03 1.059463e+03 -7.929536e+03 0.000000e+00
1.042000e+03 1.477573e+03 -7.862365e+03 0.000000e+00
1.043000e+03 1.891543e+03 -7.773163e+03 0.000000e+00
1.044000e+03 2.300214e+03 -7.662181e+03 0.000000e+00
1.045000e+03 2.702439e+03 -7.529729e+03 0.000000e+00
1.046000e+03 3.097091e+03 -7.376180e+03 0.000000e+00
1.047000e+03 3.483066e+03 -7.201962e+03 0.000000e+00
1.048000e+03 3.859281e+03 -7.007564e+03 0.000000e+00
1.049000e+03 4.224682e+03 -6.793531e+03 0.000000e+00
1.050000e+03 4.578246e+03 -6.560462e+03 0.000000e+00
1.051000e+03 4.918982e+03 -6.309011e+03 0.000000e+00
1.052000e+03 5.245934e+03 -6.039882e+03 0.000000e+00
1.053000e+03 5.558187e+03 -5.753829e+03 0.000000e+00
1.054000e+03 5.854867e+03 -5.451654e+03 0.000000e+00
1.055000e+03 6.135141e+03 -5.134204e+03 0.000000e+00
1.056000e+03 6.398224e+03 -4.802367e+03 0.000000e+00
1.057000e+03 6.643379e+03 -4.457075e+03 0.000000e+00
1.058000e+03 6.869920e+03 -4.099293e+03 0.000000e+00
1.059000e+03 7.077211e+03 -3.730025e+03 0.000000e+00
1.060000e+03 7.264671e+03 -3.350306e+03 0.000000e+00
1.061000e+03 7.431776e+03 -2.961199e+03 0.000000e+00
1.062000e+03 7.578058e+03 -2.563795e+03 0.000000e+00
1.063000e+03 7.703105e+03 -2.159207e+03 0.000000e+00
1.064000e+03 7.806568e+03 -1.748568e+03 0.000000e+00
1.065000e+03 7.888158e+03 -1.333031e+03 0.000000e+00
1.066000e+03 7.947644e+03 -9.137580e+02 0.000000e+00
1.067000e+03 7.984861e+03 -4.919249e+02 0.000000e+00
1.068000e+03 7.999705e+03 -6.871339e+01 0.000000e+00
1.069000e+03 7.992133e+03 3.546906e+02 0.000000e+00
1.070000e+03 7.962168e+03 7.771008e+02 0.000000e+00
1.071000e+03 7.909892e+03 1.197334e+03 0.000000e+00
1.072000e+03 7.835453e+03 1.614211e+03 0.000000e+00
1.073000e+03 7.739059e+03 2.026566e+03 0.000000e+00
1.074000e+03 7.620980e+03 2.433243e+03 0.000000e+00
1.075000e+03 7.481547e+03 2.833101e+03 0.000000e+00
1.076000e+03 7.321150e+03 3.225021e+03 0.000000e+00
1.077000e+03 7.140240e+03 3.607904e+03 0.000000e+00
1.078000e+03 6.939323e+03 3.980679e+03 0.000000e+00
1.079000e+03 6.718961e+03 4.342299e+03 0.000000e+00
1.080000e+03 6.479773e+03 4.691752e+03 0.000000e+00
1.081000e+03 6.222429e+03 5.028059e+03 0.000000e+00
1.082000e+03 5.947650e+03 5.350277e+03 0.000000e+00
1.083000e+03 5.656205e+03 5.657504e+03 0.000000e+00
1.084000e+03 5.348911e+03 5.948878e+03 0.000000e+00
1.085000e+03 5.026630e+03 6.223583e+03 0.000000e+00
1.086000e+03 4.690264e+03 6.480850e+03 0.000000e+00
1.087000e+03 4.340756e+03 6.719958e+03 0.000000e+00
1.088000e+03 3.979085e+03 6.940236e+03 0.000000e+00
1.089000e+03 3.606265e+03 7.141068e+03 0.000000e+00
1.090000e+03 3.223340e+03 7.321890e+03 0.000000e+00
1.091000e+03 2.831383e+03 7.482197e+03 0.000000e+00
1.092000e+03 2.431493e+03 7.621538e+03 0.000000e+00
1.093000e+03 2.024790e+03 7.739524e+03 0.000000e+00
1.094000e+03 1.612413e+03 7.835823e+03 0.000000e+00
1.095000e+03 1.195518e+03 7.910167e+03 0.000000e+00
1.096000e+03 7.752730e+02 7.962346e+03 0.000000e+00
1.097000e+03 3.528559e+02 7.992215e+03 0.000000e+00
1.098000e+03 -7.054985e+01 7.999689e+03 0.000000e+00
1.099000e+03 -4.937579e+02 7.984748e+03 0.000000e+00
1.100000e+03 -9.155825e+02 7.947434e+03 0.000000e+00
1.101000e+03 -1.334842e+03 7.887851e+03 0.000000e+00
1.102000e+03 -1.750360e+03 7.806167e+03 0.000000e+00
1.103000e+03 -2.160975e+03 7.702609e+03 0.000000e+00
1.104000e+03 -2.565534e+03 7.577469e+03 0.000000e+00
1.105000e+03 -2.962905e+03 7.431097e+03 0.000000e+00
1.106000e+03 -3.351973e+03 7.263902e+03 0.000000e+00
1.107000e+03 -3.731650e+03 7.076354e+03 0.000000e+00
1.108000e+03 -4.100870e+03 6.868979e+03 0.000000e+00
1.109000e+03 -4.458599e+03 6.642356e+03 0.000000e+00
1.110000e+03 -4.803836e+03 6.397121e+03 0.000000e+00
1.111000e+03 -5.135612e+03 6.133962e+03 0.000000e+00
1.112000e+03 -5.452998e+03 5.853615e+03 0.000000e+00
1.113000e+03 -5.755105e+03 5.556866e+03 0.000000e+00
1.114000e+03 -6.041086e+03 5.244547e+03 0.000000e+00
1.115000e+03 -6.310140e+03 4.917533e+03 0.000000e+00
1.116000e+03 -6.561513e+03 4.576740e+03 0.000000e+00
1.117000e+03 -6.794500e+03 4.223123e+03 0.000000e+00
1.118000e+03 -7.008450e+03 3.857672e+03 0.000000e+00
1.119000e+03 -7.202761e+03 3.481412e+03 0.000000e+00
1.120000e+03 -7.376890e+03 3.095398e+03 0.000000e+00
1.121000e+03 -7.530350e+03 2.700710e+03 0.000000e+00
1.122000e+03 -7.662709e+03 2.298455e+03 0.000000e+00
1.123000e+03 -7.773597e+03 1.889759e+03 0.000000e+00
1.124000e+03 -7.862704e+03 1.475768e+03 0.000000e+00
1.125000e+03 -7.929779e+03 1.057642e+03 0.000000e+00
1.126000e+03 -7.974635e+03 6.365530e+02 0.000000e+00
1.127000e+03 -7.997146e+03 2.136800e+02 0.000000e+00
1.128000e+03 -7.997249e+03 -2.097917e+02 0.000000e+00
1.129000e+03 -7.974943e+03 -6.326756e+02 0.000000e+00
1.130000e+03 -7.930292e+03 -1.053787e+03 0.000000e+00
1.131000e+03 -7.863420e+03 -1.471945e+03 0.000000e+00
1.132000e+03 -7.774515e+03 -1.885979e+03 0.000000e+00
1.133000e+03 -7.663825e+03 -2.294729e+03 0.000000e+00
1.134000e+03 -7.531662e+03 -2.697048e+03 0.000000e+00
1.135000e+03 -7.378395e+03 -3.091811e+03 0.000000e+00
1.136000e+03 -7.204453e+03 -3.477910e+03 0.000000e+00
1.137000e+03 -7.010324e+03 -3.854264e+03 0.000000e+00
1.138000e+03 -6.796553e+03 -4.219819e+03 0.000000e+00
1.139000e+03 -6.563737e+03 -4.573549e+03 0.000000e+00
1.140000e+03 -6.312530e+03 -4.914464e+03 0.000000e+00
1.141000e+03 -6.043635e+03 -5.241609e+03 0.000000e+00
1.142000e+03 -5.757806e+03 -5.554068e+03 0.000000e+00
1.143000e+03 -5.455844e+03 -5.850963e+03 0.000000e+00
1.144000e+03 -5.138594e+03 -6.131464e+03 0.000000e+00
1.145000e+03 -4.806946e+03 -6.394785e+03 0.000000e+00
1.146000e+03 -4.461829e+03 -6.640187e+03 0.000000e+00
1.147000e+03 -4.104209e+03 -6.866984e+03 0.000000e+00
1.148000e+03 -3.735090e+03 -7.074539e+03 0.000000e+00
1.149000e+03 -3.355505e+03 -7.262272e+03 0.000000e+00
1.150000e+03 -2.966517e+03 -7.429655e+03 0.000000e+00
1.151000e+03 -2.569218e+03 -7.576221e+03 0.000000e+00
1.152000e+03 -2.164720e+03 -7.701558e+03 0.000000e+00
1.153000e+03 -1.754156e+03 -7.805315e+03 0.000000e+00
1.154000e+03 -1.338677e+03 -7.887201e+03 0.000000e+00
1.155000e+03 -9.194465e+02 -7.946988e+03 0.000000e+00
1.156000e+03 -4.976401e+02 -7.984507e+03 0.000000e+00
1.157000e+03 -7.443934e+01 -7.999654e+03 0.000000e+00
1.158000e+03 3.489700e+02 -7.992385e+03 0.000000e+00
1.159000e+03 7.714015e+02 -7.962722e+03 0.000000e+00
1.160000e+03 1.191672e+03 -7.910747e+03 0.000000e+00
1.161000e+03 1.608603e+03 -7.836606e+03 0.000000e+00
1.162000e+03 2.021026e+03 -7.740507e+03 0.000000e+00
1.163000e+03 2.427787e+03 -7.622719e+03 0.000000e+00
1.164000e+03 2.827745e+03 -7.483573e+03 0.000000e+00
1.165000e+03 3.219780e+03 -7.323457e+03 0.000000e+00
1.166000e+03 3.602793e+03 -7.142820e+03 0.000000e+00
1.167000e+03 3.975711e+03 -6.942170e+03 0.000000e+00
1.168000e+03 4.337488e+03 -6.722068e+03 0.000000e+00
1.169000e+03 4.687113e+03 -6.483130e+03 0.000000e+00
1.170000e+03 5.023604e+03 -6.226027e+03 0.000000e+00
1.171000e+03 5.346018e+03 -5.951478e+03 0.000000e+00
1.172000e+03 5.653454e+03 -5.660253e+03 0.000000e+00
1.173000e+03 5.945048e+03 -5.353168e+03 0.000000e+00
1.174000e+03 6.219984e+03 -5.031084e+03 0.000000e+00
1.175000e+03 6.477492e+03 -4.694902e+03 0.000000e+00
1.176000e+03 6.716849e+03 -4.345565e+03 0.000000e+00
1.177000e+03 6.937386e+03 -3.984052e+03 0.000000e+00
1.178000e+03 7.138485e+03 -3.611376e+03 0.000000e+00
1.179000e+03 7.319581e+03 -3.228580e+03 0.000000e+00
1.180000e+03 7.480168e+03 -2.836738e+03 0.000000e+00
1.181000e+03 7.619796e+03 -2.436948e+03 0.000000e+00
1.182000e+03 7.738072e+03 -2.030329e+03 0.000000e+00
1.183000e+03 7.834667e+03 -1.618021e+03 0.000000e+00
1.184000e+03 7.909309e+03 -1.201179e+03 0.000000e+00
1.185000e+03 7.961789e+03 -7.809720e+02 0.000000e+00
1.186000e+03 7.991960e+03 -3.585764e+02 0.000000e+00
1.187000e+03 7.999737e+03 6.482387e+01 0.000000e+00
1.188000e+03 7.985100e+03 4.880425e+02 0.000000e+00
1.189000e+03 7.948087e+03 9.098937e+02 0.000000e+00
1.190000e+03 7.888805e+03 1.329195e+03 0.000000e+00
1.191000e+03 7.807418e+03 1.744773e+03 0.000000e+00
1.192000e+03 7.704154e+03 2.155461e+03 0.000000e+00
1.193000e+03 7.579303e+03 2.560110e+03 0.000000e+00
1.194000e+03 7.433215e+03 2.957585e+03 0.000000e+00
1.195000e+03 7.266300e+03 3.346773e+03 0.000000e+00
1.196000e+03 7.079024e+03 3.726584e+03 0.000000e+00
1.197000e+03 6.871912e+03 4.095952e+03 0.000000e+00
1.198000e+03 6.645545e+03 4.453844e+03 0.000000e+00
1.199000e+03 6.400558e+03 4.799256e+03 0.000000e+00
1.200000e+03 6.137636e+03 5.131220e+03 0.000000e+00
1.201000e+03 5.857517e+03 5.448807e+03 0.000000e+00
1.202000e+03 5.560984e+03 5.751126e+03 0.000000e+00
1.203000e+03 5.248870e+03 6.037331e+03 0.000000e+00
1.204000e+03 4.922048e+03 6.306619e+03 0.000000e+00
1.205000e+03 4.581435e+03 6.558235e+03 0.000000e+00
1.206000e+03 4.227985e+03 6.791476e+03 0.000000e+00
1.207000e+03 3.862688e+03 7.005687e+03 0.000000e+00
1.208000e+03 3.486567e+03 7.200267e+03 0.000000e+00
1.209000e+03 3.100677e+03 7.374673e+03 0.000000e+00
1.210000e+03 2.706099e+03 7.528415e+03 0.000000e+00
1.211000e+03 2.303939e+03 7.661062e+03 0.000000e+00
1.212000e+03 1.895323e+03 7.772242e+03 0.000000e+00
1.213000e+03 1.481396e+03 7.861645e+03 0.000000e+00
1.214000e+03 1.063318e+03 7.929020e+03 0.000000e+00
1.215000e+03 6.422609e+02 7.974177e+03 0.000000e+00
1.216000e+03 2.194041e+02 7.996991e+03 0.000000e+00
1.217000e+03 -2.040674e+02 7.997397e+03 0.000000e+00
1.218000e+03 -6.269672e+02 7.975394e+03 0.000000e+00
1.219000e+03 -1.048110e+03 7.931044e+03 0.000000e+00
1.220000e+03 -1.466316e+03 7.864472e+03 0.000000e+00
1.221000e+03 -1.880414e+03 7.775863e+03 0.000000e+00
1.222000e+03 -2.289242e+03 7.665466e+03 0.000000e+00
1.223000e+03 -2.691657e+03 7.533590e+03 0.000000e+00
1.224000e+03 -3.086529e+03 7.380606e+03 0.000000e+00
1.225000e+03 -3.472752e+03 7.206940e+03 0.000000e+00
1.226000e+03 -3.849245e+03 7.013081e+03 0.000000e+00
1.227000e+03 -4.214953e+03 6.799572e+03 0.000000e+00
1.228000e+03 -4.568850e+03 6.567009e+03 0.000000e+00
1.229000e+03 -4.909945e+03 6.316046e+03 0.000000e+00
1.230000e+03 -5.237282e+03 6.047386e+03 0.000000e+00
1.231000e+03 -5.549945e+03 5.761780e+03 0.000000e+00
1.232000e+03 -5.847056e+03 5.460030e+03 0.000000e+00
1.233000e+03 -6.127784e+03 5.142981e+03 0.000000e+00
1.234000e+03 -6.391342e+03 4.811522e+03 0.000000e+00
1.235000e+03 -6.636992e+03 4.466580e+03 0.000000e+00
1.236000e+03 -6.864044e+03 4.109123e+03 0.000000e+00
1.237000e+03 -7.071864e+03 3.740153e+03 0.000000e+00
1.238000e+03 -7.259868e+03 3.360702e+03 0.000000e+00
1.239000e+03 -7.427530e+03 2.971835e+03 0.000000e+00
1.240000e+03 -7.574380e+03 2.574640e+03 0.000000e+00
1.241000e+03 -7.700006e+03 2.170232e+03 0.000000e+00
1.242000e+03 -7.804057e+03 1.759742e+03 0.000000e+00
1.243000e+03 -7.886241e+03 1.344322e+03 0.000000e+00
1.244000e+03 -7.946328e+03 9.251345e+02 0.000000e+00
1.245000e+03 -7.984149e+03 5.033551e+02 0.000000e+00
1.246000e+03 -7.999598e+03 8.016526e+01 0.000000e+00
1.247000e+03 -7.992633e+03 -3.432492e+02 0.000000e+00
1.248000e+03 -7.963272e+03 -7.657018e+02 0.000000e+00
1.249000e+03 -7.911598e+03 -1.186009e+03 0.000000e+00
1.250000e+03 -7.837756e+03 -1.602993e+03 0.000000e+00
1.251000e+03 -7.741952e+03 -2.015485e+03 0.000000e+00
1.252000e+03 -7.624455e+03 -2.422330e+03 0.000000e+00
1.253000e+03 -7.485595e+03 -2.822388e+03 0.000000e+00
1.254000e+03 -7.325759e+03 -3.214537e+03 0.000000e+00
1.255000e+03 -7.145397e+03 -3.597679e+03 0.000000e+00
1.256000e+03 -6.945014e+03 -3.970741e+03 0.000000e+00
1.257000e+03 -6.725171e+03 -4.332676e+03 0.000000e+00
1.258000e+03 -6.486483e+03 -4.682471e+03 0.000000e+00
1.259000e+03 -6.229621e+03 -5.019146e+03 0.000000e+00
1.260000e+03 -5.955303e+03 -5.341757e+03 0.000000e+00
1.261000e+03 -5.664298e+03 -5.649401e+03 0.000000e+00
1.262000e+03 -5.357422e+03 -5.941215e+03 0.000000e+00
1.263000e+03 -5.035534e+03 -6.216381e+03 0.000000e+00
1.264000e+03 -4.699537e+03 -6.474129e+03 0.000000e+00
1.265000e+03 -4.350372e+03 -6.713737e+03 0.000000e+00
1.266000e+03 -3.989017e+03 -6.934533e+03 0.000000e+00
1.267000e+03 -3.616484e+03 -7.135898e+03 0.000000e+00
1.268000e+03 -3.233818e+03 -7.317268e+03 0.000000e+00
1.269000e+03 -2.842092e+03 -7.478136e+03 0.000000e+00
1.270000e+03 -2.442401e+03 -7.618049e+03 0.000000e+00
1.271000e+03 -2.035867e+03 -7.736617e+03 0.000000e+00
1.272000e+03 -1.623628e+03 -7.833507e+03 0.000000e+00
1.273000e+03 -1.206840e+03 -7.908447e+03 0.000000e+00
1.274000e+03 -7.866706e+02 -7.961228e+03 0.000000e+00
1.275000e+03 -3.642968e+02 -7.991701e+03 0.000000e+00
1.276000e+03 5.909786e+01 -7.999782e+03 0.000000e+00
1.277000e+03 4.823269e+02 -7.985447e+03 0.000000e+00
1.278000e+03 9.042044e+02 -7.948737e+03 0.000000e+00
1.279000e+03 1.323548e+03 -7.889754e+03 0.000000e+00
1.280000e+03 1.739184e+03 -7.808664e+03 0.000000e+00
1.281000e+03 2.149946e+03 -7.705695e+03 0.000000e+00
1.282000e+03 2.554684e+03 -7.581134e+03 0.000000e+00
1.283000e+03 2.952264e+03 -7.435330e+03 0.000000e+00
1.284000e+03 3.341571e+03 -7.268693e+03 0.000000e+00
1.285000e+03 3.721516e+03 -7.081689e+03 0.000000e+00
1.286000e+03 4.091032e+03 -6.874842e+03 0.000000e+00
1.287000e+03 4.449086e+03 -6.648732e+03 0.000000e+00
1.288000e+03 4.794673e+03 -6.403992e+03 0.000000e+00
1.289000e+03 5.126826e+03 -6.141307e+03 0.000000e+00
1.290000e+03 5.444613e+03 -5.861415e+03 0.000000e+00
1.291000e+03 5.747144e+03 -5.565099e+03 0.000000e+00
1.292000e+03 6.033572e+03 -5.253190e+03 0.000000e+00
1.293000e+03 6.303094e+03 -4.926561e+03 0.000000e+00
1.294000e+03 6.554954e+03 -4.586128e+03 0.000000e+00
1.295000e+03 6.788448e+03 -4.232845e+03 0.000000e+00
1.296000e+03 7.002920e+03 -3.867701e+03 0.000000e+00
1.297000e+03 7.197770e+03 -3.491720e+03 0.000000e+00
1.298000e+03 7.372452e+03 -3.105955e+03 0.000000e+00
1.299000e+03 7.526476e+03 -2.711487e+03 0.000000e+00
1.300000e+03 7.659411e+03 -2.309422e+03 0.000000e+00
1.301000e+03 7.770884e+03 -1.900885e+03 0.000000e+00
1.302000e+03 7.860583e+03 -1.487023e+03 0.000000e+00
1.303000e+03 7.928257e+03 -1.068993e+03 0.000000e+00
1.304000e+03 7.973715e+03 -6.479684e+02 0.000000e+00
1.305000e+03 7.996832e+03 -2.251281e+02 0.000000e+00
1.306000e+03 7.997541e+03 1.983431e+02 0.000000e+00
1.307000e+03 7.975841e+03 6.212584e+02 0.000000e+00
1.308000e+03 7.931793e+03 1.042433e+03 0.000000e+00
1.309000e+03 7.865519e+03 1.460687e+03 0.000000e+00
1.310000e+03 7.777207e+03 1.874848e+03 0.000000e+00
1.311000e+03 7.667103e+03 2.283755e+03 0.000000e+00
1.312000e+03 7.535515e+03 2.686264e+03 0.000000e+00
1.313000e+03 7.382813e+03 3.081245e+03 0.000000e+00
1.314000e+03 7.209424e+03 3.467593e+03 0.000000e+00
1.315000e+03 7.015835e+03 3.844225e+03 0.000000e+00
1.316000e+03 6.802587e+03 4.210085e+03 0.000000e+00
1.317000e+03 6.570278e+03 4.564148e+03 0.000000e+00
1.318000e+03 6.319559e+03 4.905423e+03 0.000000e+00
1.319000e+03 6.051133e+03 5.232952e+03 0.000000e+00
1.320000e+03 5.765751e+03 5.545819e+03 0.000000e+00
1.321000e+03 5.464214e+03 5.843147e+03 0.000000e+00
1.322000e+03 5.147366e+03 6.124102e+03 0.000000e+00
1.323000e+03 4.816095e+03 6.387897e+03 0.000000e+00
1.324000e+03 4.471330e+03 6.633793e+03 0.000000e+00
1.325000e+03 4.114035e+03 6.861101e+03 0.000000e+00
1.326000e+03 3.745214e+03 7.069185e+03 0.000000e+00
1.327000e+03 3.365898e+03 7.257461e+03 0.000000e+00
1.328000e+03 2.977150e+03 7.425401e+03 0.000000e+00
1.329000e+03 2.580061e+03 7.572535e+03 0.000000e+00
1.330000e+03 2.175743e+03 7.698451e+03 0.000000e+00
1.331000e+03 1.765328e+03 7.802796e+03 0.000000e+00
1.332000e+03 1.349966e+03 7.885277e+03 0.000000e+00
1.333000e+03 9.308220e+02 7.945664e+03 0.000000e+00
1.334000e+03 5.090698e+02 7.983787e+03 0.000000e+00
1.335000e+03 8.589114e+01 7.999539e+03 0.000000e+00
1.336000e+03 -3.375282e+02 7.992876e+03 0.000000e+00
1.337000e+03 -7.600017e+02 7.963818e+03 0.000000e+00
1.338000e+03 -1.180346e+03 7.912445e+03 0.000000e+00
1.339000e+03 -1.597382e+03 7.838901e+03 0.000000e+00
1.340000e+03 -2.009943e+03 7.743393e+03 0.000000e+00
1.341000e+03 -2.416872e+03 7.626187e+03 0.000000e+00
1.342000e+03 -2.817029e+03 7.487613e+03 0.000000e+00
1.343000e+03 -3.209293e+03 7.328058e+03 0.000000e+00
1.344000e+03 -3.592564e+03 7.147971e+03 0.000000e+00
1.345000e+03 -3.965768e+03 6.947854e+03 0.000000e+00
1.346000e+03 -4.327861e+03 6.728270e+03 0.000000e+00
1.347000e+03 -4.677827e+03 6.489833e+03 0.000000e+00
1.348000e+03 -5.014686e+03 6.233212e+03 0.000000e+00
1.349000e+03 -5.337493e+03 5.959125e+03 0.000000e+00
1.350000e+03 -5.645345e+03 5.668340e+03 0.000000e+00
1.351000e+03 -5.937378e+03 5.361673e+03 0.000000e+00
1.352000e+03 -6.212775e+03 5.039983e+03 0.000000e+00
1.353000e+03 -6.470764e+03 4.704170e+03 0.000000e+00
1.354000e+03 -6.710621e+03 4.355176e+03 0.000000e+00
1.355000e+03 -6.931676e+03 3.993979e+03 0.000000e+00
1.356000e+03 -7.133308e+03 3.621591e+03 0.000000e+00
1.357000e+03 -7.314952e+03 3.239055e+03 0.000000e+00
1.358000e+03 -7.476100e+03 2.847443e+03 0.000000e+00
1.359000e+03 -7.616299e+03 2.447853e+03 0.000000e+00
1.360000e+03 -7.735158e+03 2.041404e+03 0.000000e+00
1.361000e+03 -7.832343e+03 1.629235e+03 0.000000e+00
1.362000e+03 -7.907581e+03 1.212501e+03 0.000000e+00
1.363000e+03 -7.960663e+03 7.923689e+02 0.000000e+00
1.364000e+03 -7.991438e+03 3.700169e+02 0.000000e+00
1.365000e+03 -7.999822e+03 -5.337181e+01 0.000000e+00
1.366000e+03 -7.985790e+03 -4.766110e+02 0.000000e+00
1.367000e+03 -7.949382e+03 -8.985147e+02 0.000000e+00
1.368000e+03 -7.890699e+03 -1.317901e+03 0.000000e+00
1.369000e+03 -7.809907e+03 -1.733594e+03 0.000000e+00
1.370000e+03 -7.707232e+03 -2.144430e+03 0.000000e+00
1.371000e+03 -7.582960e+03 -2.549257e+03 0.000000e+00
1.372000e+03 -7.437442e+03 -2.946941e+03 0.000000e+00
1.373000e+03 -7.271083e+03 -3.336368e+03 0.000000e+00
1.374000e+03 -7.084351e+03 -3.716446e+03 0.000000e+00
1.375000e+03 -6.877769e+03 -4.086111e+03 0.000000e+00
1.376000e+03 -6.651915e+03 -4.444326e+03 0.000000e+00
1.377000e+03 -6.407422e+03 -4.790088e+03 0.000000e+00
1.378000e+03 -6.144975e+03 -5.122429e+03 0.000000e+00
1.379000e+03 -5.865311e+03 -5.440416e+03 0.000000e+00
1.380000e+03 -5.569212e+03 -5.743160e+03 0.000000e+00
1.381000e+03 -5.257507e+03 -6.029811e+03 0.000000e+00
1.382000e+03 -4.931072e+03 -6.299566e+03 0.000000e+00
1.383000e+03 -4.590819e+03 -6.551670e+03 0.000000e+00
1.384000e+03 -4.237703e+03 -6.785416e+03 0.000000e+00
1.385000e+03 -3.872713e+03 -7.000150e+03 0.000000e+00
1.386000e+03 -3.496871e+03 -7.195269e+03 0.000000e+00
1.387000e+03 -3.111231e+03 -7.370227e+03 0.000000e+00
1.388000e+03 -2.716874e+03 -7.524533e+03 0.000000e+00
1.389000e+03 -2.314904e+03 -7.657756e+03 0.000000e+00
1.390000e+03 -1.906447e+03 -7.769521e+03 0.000000e+00
1.391000e+03 -1.492649e+03 -7.859517e+03 0.000000e+00
1.392000e+03 -1.074668e+03 -7.927489e+03 0.000000e+00
1.393000e+03 -6.536756e+02 -7.973250e+03 0.000000e+00
1.394000e+03 -2.308519e+02 -7.996669e+03 0.000000e+00
1.395000e+03 1.926186e+02 -7.997681e+03 0.000000e+00
1.396000e+03 6.155494e+02 -7.976284e+03 0.000000e+00
1.397000e+03 1.036755e+03 -7.932537e+03 0.000000e+00
1.398000e+03 1.455056e+03 -7.866563e+03 0.000000e+00
1.399000e+03 1.869280e+03 -7.778547e+03 0.000000e+00
1.400000e+03 2.278267e+03 -7.668735e+03 0.000000e+00
1.401000e+03 2.680869e+03 -7.537436e+03 0.000000e+00
1.402000e+03 3.075960e+03 -7.385017e+03 0.000000e+00
1.403000e+03 3.462432e+03 -7.211905e+03 0.000000e+00
1.404000e+03 3.839202e+03 -7.018585e+03 0.000000e+00
1.405000e+03 4.205214e+03 -6.805599e+03 0.000000e+00
1.406000e+03 4.559444e+03 -6.573543e+03 0.000000e+00
1.407000e+03 4.900898e+03 -6.323069e+03 0.000000e+00
1.408000e+03 5.228620e+03 -6.054877e+03 0.000000e+00
1.409000e+03 5.541691e+03 -5.769719e+03 0.000000e+00
1.410000e+03 5.839234e+03 -5.468395e+03 0.000000e+00
1.411000e+03 6.120416e+03 -5.151748e+03 0.000000e+00
1.412000e+03 6.384448e+03 -4.820666e+03 0.000000e+00
1.413000e+03 6.630591e+03 -4.476077e+03 0.000000e+00
1.414000e+03 6.858155e+03 -4.118945e+03 0.000000e+00
1.415000e+03 7.066502e+03 -3.750272e+03 0.000000e+00
1.416000e+03 7.255049e+03 -3.371091e+03 0.000000e+00
1.417000e+03 7.423268e+03 -2.982464e+03 0.000000e+00
1.418000e+03 7.570686e+03 -2.585481e+03 0.000000e+00
1.419000e+03 7.696891e+03 -2.181252e+03 0.000000e+00
1.420000e+03 7.801530e+03 -1.770912e+03 0.000000e+00
1.421000e+03 7.884309e+03 -1.355610e+03 0.000000e+00
1.422000e+03 7.944995e+03 -9.365091e+02 0.000000e+00
1.423000e+03 7.983420e+03 -5.147842e+02 0.000000e+00
1.424000e+03 7.999475e+03 -9.161698e+01 0.000000e+00
1.425000e+03 7.993116e+03 3.318070e+02 0.000000e+00
1.426000e+03 7.964360e+03 7.543013e+02 0.000000e+00
1.427000e+03 7.913288e+03 1.174682e+03 0.000000e+00
1.428000e+03 7.840042e+03 1.591771e+03 0.000000e+00
1.429000e+03 7.744829e+03 2.004400e+03 0.000000e+00
1.430000e+03 7.627915e+03 2.411413e+03 0.000000e+00
1.431000e+03 7.489627e+03 2.811669e+03 0.000000e+00
1.432000e+03 7.330354e+03 3.204047e+03 0.000000e+00
1.433000e+03 7.150540e+03 3.587447e+03 0.000000e+00
1.434000e+03 6.950691e+03 3.960794e+03 0.000000e+00
1.435000e+03 6.731366e+03 4.323044e+03 0.000000e+00
1.436000e+03 6.493180e+03 4.673181e+03 0.000000e+00
1.437000e+03 6.236800e+03 5.010223e+03 0.000000e+00
1.438000e+03 5.962944e+03 5.333226e+03 0.000000e+00
1.439000e+03 5.672380e+03 5.641286e+03 0.000000e+00
